2.5006356239318848
4.9097113609313965
2.311096429824829
3.291895627975464
6.980578422546387
2.7737715244293213
12.422918319702148
6.0142576694488525
16.05321979522705
5.224513530731201
10.922785997390747
4.795492649078369
7.479409694671631
9.89440393447876
14.766690492630005
9.58575963973999
7.5545923709869385
8.557049036026001
13.689361333847046
26.034609079360962
26.815975427627563
22.53175711631775
37.34631562232971
38.05418848991394
47.34256982803345
32.27769637107849
36.160303354263306
17.336212396621704
29.949565887451172
62.84773230552673
25.19291090965271
18.241183519363403
49.74562215805054
28.54643416404724
39.56727480888367
53.9456570148468
44.38693428039551
21.024473428726196
34.97596454620361
14.209917545318604
24.22284197807312
21.83031439781189
33.76161456108093
19.31965184211731
17.136043787002563
11.630635976791382
16.910725116729736
23.481337547302246
60.69964647293091
14.835822820663452
48.19205689430237
40.81286382675171
27.53844714164734
9.356112003326416
12.02401614189148
21.649790287017822
31.325488805770874
19.493485927581787
32.69229078292847
29.68482732772827
38.49623894691467
29.49912405014038
20.30103302001953
34.825504302978516
56.7768120765686
24.15008854866028
42.82301449775696
32.676995038986206
41.8307843208313
42.58898568153381
47.24591374397278
75.53173685073853
66.15616369247437
61.243276834487915
67.4414930343628
40.03037691116333
44.8541157245636
69.74238276481628
55.76336908340454
40.20643734931946
50.88808846473694
46.75148391723633
72.75080251693726
42.17510390281677
57.65781927108765
72.95687699317932
44.55200409889221
49.51195001602173
64.82246470451355
45.4767484664917
52.617302656173706
35.30230975151062
48.86033320426941
70.852703332901
68.3593008518219
59.47986030578613
75.58160257339478
63.959866523742676
27.07763433456421
37.12335801124573
76.48074984550476
