2.101006031036377
2.513354539871216
3.111210346221924
2.8175089359283447
2.0114896297454834
2.7660810947418213
4.76670241355896
6.871539831161499
4.491508960723877
5.475627899169922
7.770979881286621
4.2496497631073
5.663795232772827
7.127203702926636
8.188836336135864
9.673053979873657
4.949796676635742
31.796958923339844
25.55494976043701
32.792299032211304
14.901673555374146
23.831275701522827
28.06135869026184
18.501957178115845
26.71872067451477
9.063032627105713
37.5495970249176
30.064252376556396
28.926838636398315
33.105958461761475
17.455427646636963
16.703166246414185
12.244294166564941
14.874440908432007
24.08627963066101
13.348626136779785
6.4713218212127686
10.56011414527893
20.53595519065857
11.864481687545776
26.343617916107178
21.31903624534607
14.057387590408325
17.323987245559692
15.548447370529175
31.046021461486816
21.49525499343872
25.302079439163208
18.13875699043274
12.578200578689575
12.678471565246582
9.68803095817566
10.045289278030396
10.793081521987915
15.964625597000122
27.844244480133057
13.090720415115356
6.9871766567230225
22.469014167785645
14.664584636688232
19.274800539016724
50.56672024726868
19.859142541885376
38.80445146560669
41.18886852264404
20.125645875930786
22.89305305480957
40.20061182975769
38.90113568305969
34.13778805732727
21.714080095291138
30.768561840057373
45.88235068321228
36.63657188415527
35.595701456069946
35.26412296295166
36.30497431755066
29.07412338256836
16.36033797264099
43.54402565956116
43.62156939506531
47.73084473609924
41.256556034088135
48.43362212181091
50.763941049575806
33.780221462249756
19.246383666992188
41.13793587684631
38.26869249343872
22.95251774787903
24.668787002563477
48.33429431915283
48.446736097335815
45.87442183494568
49.312371253967285
45.12636756896973
43.53338289260864
24.072021484375
45.88889694213867
42.24112606048584
51.680254220962524
