2.5160770416259766
3.0765857696533203
2.19990873336792
2.878864288330078
9.691497802734375
4.809291362762451
4.515665769577026
5.707465410232544
2.891934394836426
10.684269189834595
7.074794054031372
8.262954473495483
2.3664047718048096
5.29153037071228
14.79922080039978
12.986027240753174
4.990936756134033
12.37054181098938
5.181198596954346
15.892861127853394
38.38657236099243
6.85400915145874
20.776378631591797
27.335301399230957
7.702848196029663
17.880391120910645
35.37445425987244
49.170483350753784
11.50471830368042
22.68130397796631
32.52885437011719
17.551920413970947
45.01775646209717
7.701990604400635
27.990813970565796
23.120086669921875
12.776748418807983
18.2666757106781
20.099826335906982
33.90330266952515
10.615027904510498
38.58916902542114
10.277772903442383
31.284831047058105
14.143346548080444
25.392724752426147
7.611993789672852
29.21637725830078
25.23624062538147
8.91535472869873
12.83007287979126
10.140743970870972
30.05746817588806
12.70175814628601
52.15571212768555
44.09531784057617
16.4228572845459
42.53832936286926
56.90332913398743
17.82115149497986
64.85070586204529
59.40334415435791
19.922366857528687
20.425221920013428
41.543840408325195
35.770063161849976
18.73555898666382
58.61505722999573
23.15702199935913
40.5516152381897
20.373358726501465
21.259885549545288
75.35893130302429
61.68110632896423
52.967984676361084
15.114160776138306
69.89761424064636
15.270930528640747
22.968822717666626
46.837191581726074
73.00538778305054
23.869592428207397
22.599652528762817
54.90220832824707
70.89267897605896
25.562340259552002
64.44649744033813
72.58965301513672
17.630899906158447
66.81923222541809
15.363436222076416
67.62459444999695
75.07228755950928
61.779772996902466
50.86808800697327
24.712666511535645
25.545275926589966
55.335411071777344
47.783764600753784
68.14032554626465
76.1638252735138
