2.728541374206543
2.00309157371521
2.7145371437072754
3.1871676445007324
2.6149039268493652
7.070259094238281
4.817285060882568
2.497413396835327
7.243304967880249
4.993505239486694
4.075815439224243
5.051116228103638
4.54755711555481
9.628139019012451
13.173945188522339
7.40400505065918
5.371937036514282
11.844555854797363
6.155227184295654
9.852437257766724
25.107776165008545
14.273011922836304
24.075377464294434
21.741296768188477
20.190468549728394
16.71773600578308
21.145853281021118
7.178199291229248
19.237009525299072
21.354905128479004
35.221994400024414
14.332804441452026
23.97518253326416
9.783429622650146
15.004937410354614
11.970529079437256
15.91399335861206
10.163501024246216
18.808266639709473
14.757388591766357
12.585063934326172
25.943065881729126
32.74816608428955
15.167508125305176
18.988973379135132
22.444880485534668
16.797478675842285
17.410568237304688
12.412152767181396
8.357883930206299
12.091839075088501
33.70970821380615
7.626003265380859
10.800354480743408
9.380608797073364
27.491931676864624
40.65070700645447
26.26147723197937
38.155601978302
42.636059045791626
20.20179271697998
26.63028120994568
40.17643976211548
17.661884307861328
46.296159505844116
35.886650800704956
34.63782835006714
28.06757664680481
23.599273681640625
25.026769161224365
37.75736474990845
44.72096562385559
44.4618284702301
29.458410263061523
22.442498445510864
37.93708348274231
34.91894054412842
49.131795167922974
28.853023052215576
31.3713641166687
40.12546968460083
30.2533438205719
42.94619560241699
29.8564190864563
17.48605728149414
20.257957935333252
24.950039386749268
37.444106101989746
43.312318086624146
39.942028522491455
47.583752393722534
45.38593602180481
32.671263217926025
48.111958026885986
46.821664333343506
42.066285610198975
22.733788013458252
32.05983233451843
48.91327977180481
48.859586238861084
49.9852135181427
