2.852077007293701
1.8713123798370361
4.311940431594849
2.380443572998047
4.944667100906372
6.92552375793457
3.0580196380615234
2.6984546184539795
5.1544578075408936
7.978514909744263
2.2528083324432373
4.667786121368408
14.372408151626587
11.986099243164062
10.295754194259644
7.8657896518707275
9.374672412872314
5.405103445053101
12.455901622772217
26.457463026046753
13.374744653701782
65.94296598434448
13.169824123382568
24.43344259262085
38.8482666015625
7.094820022583008
14.739841222763062
27.24491024017334
5.336529970169067
17.661402463912964
7.672137975692749
24.324812173843384
10.388484716415405
21.94524645805359
31.491194009780884
21.813724517822266
28.502923488616943
15.081178903579712
30.609323978424072
33.59722709655762
12.161710739135742
69.94883847236633
10.326745510101318
18.613712310791016
15.477580070495605
19.779724836349487
12.869855165481567
51.72393488883972
38.354572772979736
10.67923355102539
7.411012887954712
28.943256855010986
19.48516297340393
9.705520629882812
16.981701135635376
42.06285285949707
16.97110414505005
52.76012063026428
33.45987272262573
55.40678358078003
20.908832788467407
44.75644850730896
67.7472825050354
18.443927764892578
36.057475566864014
21.039634943008423
40.84854078292847
18.0590603351593
46.81547498703003
46.15160846710205
15.99336314201355
15.243467807769775
73.55826830863953
57.400951862335205
19.58242106437683
43.26534080505371
21.40012264251709
71.16324639320374
35.77308464050293
24.74448800086975
49.91702222824097
75.34300017356873
23.085700511932373
54.29403376579285
23.262184381484985
48.70862054824829
68.42060708999634
62.3448748588562
23.57052230834961
56.38897204399109
22.0227792263031
62.03393006324768
72.35050916671753
25.754409551620483
64.63204431533813
25.366687059402466
25.366201400756836
75.55546188354492
59.68468976020813
59.30176377296448
76.46783518791199
