2.572849750518799
6.905081510543823
2.786259174346924
7.481110572814941
2.8911783695220947
4.370237112045288
12.36932635307312
9.47718334197998
9.860739469528198
8.981913328170776
7.6853978633880615
2.424135446548462
1.6027367115020752
6.780913352966309
7.8131489753723145
14.386698961257935
4.896566152572632
3.960249185562134
5.843005895614624
5.358971118927002
14.373717784881592
9.278568267822266
3.1627209186553955
5.072948455810547
21.984347820281982
14.940545320510864
16.79022717475891
11.977257013320923
10.311376333236694
12.279482126235962
11.58104658126831
22.988478899002075
17.487319469451904
14.538633108139038
8.433213710784912
19.1505126953125
25.28752613067627
26.35916543006897
10.93808388710022
19.32958483695984
16.785166263580322
47.0555739402771
13.177083253860474
24.271469593048096
46.4110643863678
36.20844292640686
33.17010998725891
18.536759853363037
36.14892315864563
48.88519597053528
19.26402759552002
21.86359405517578
17.36904525756836
12.968311786651611
28.869133234024048
24.18492555618286
48.980154037475586
26.46284818649292
44.482271671295166
28.639033317565918
39.060023069381714
30.793699026107788
31.210577487945557
30.42367935180664
33.67531132698059
21.74113941192627
25.479660749435425
18.17386245727539
20.211647987365723
38.92061710357666
15.405357837677002
33.84820079803467
24.12545943260193
26.495866775512695
15.786439418792725
41.32674431800842
38.650288581848145
28.570664405822754
20.660768508911133
41.84650182723999
33.784310817718506
31.06361699104309
36.44414210319519
49.03521990776062
48.71921753883362
41.454866886138916
43.93643856048584
23.33268165588379
43.74553632736206
27.863640546798706
25.346269130706787
38.669227600097656
49.83293080329895
46.71619772911072
35.782522678375244
46.56929969787598
23.37473464012146
20.86704707145691
41.51694893836975
43.9723060131073
50.605284690856934
