2.2107901573181152
2.4225809574127197
2.133929491043091
2.871434211730957
2.6874115467071533
4.780963659286499
2.6409411430358887
2.753080129623413
2.7800819873809814
8.176442623138428
5.268744707107544
11.52087688446045
9.609840154647827
4.5933778285980225
4.787430047988892
10.332636833190918
4.957444667816162
4.4667181968688965
7.545607089996338
5.120189666748047
6.827540874481201
16.840481996536255
6.413202524185181
14.742354393005371
11.894952058792114
6.973894119262695
7.460671901702881
9.177547693252563
12.446017265319824
14.14302682876587
4.881999492645264
7.115185022354126
23.97944951057434
13.536757946014404
21.361867427825928
36.640141010284424
15.65287733078003
21.81330966949463
11.500267028808594
11.891908407211304
13.598010778427124
45.57503366470337
17.461954355239868
19.12793517112732
8.551304340362549
19.935354709625244
9.910172700881958
18.005919456481934
19.812026977539062
24.130351543426514
12.850610494613647
9.379621028900146
21.886547088623047
9.832462787628174
10.4901442527771
9.133283138275146
16.67610478401184
47.195358991622925
39.82917809486389
15.431449174880981
6.9732139110565186
12.227026224136353
34.13380026817322
18.177741765975952
22.02881383895874
26.2115478515625
17.344027757644653
37.335665225982666
29.742714881896973
14.713268280029297
28.644163370132446
14.821746349334717
17.669148921966553
23.95960569381714
15.728678464889526
14.584658861160278
32.82124161720276
31.46204972267151
17.067480087280273
12.852280616760254
26.43528723716736
35.47491097450256
20.403053760528564
19.16617774963379
49.982075214385986
19.339980363845825
19.44253182411194
44.77340126037598
23.509818077087402
42.931479930877686
49.63574934005737
21.437224864959717
22.40315079689026
42.444477796554565
47.68562412261963
39.817678928375244
22.379180192947388
24.142212390899658
20.460899591445923
22.88032579421997
50.874120235443115
