2.258120059967041
5.668315410614014
3.016519546508789
5.305123329162598
6.89463210105896
5.652372121810913
2.826303243637085
10.974621534347534
2.9435458183288574
4.883523225784302
8.186611652374268
7.179013729095459
10.978879928588867
9.169732809066772
16.40562343597412
8.183401346206665
18.02005958557129
52.28183388710022
59.910284757614136
41.54478049278259
19.801369190216064
13.798680543899536
19.791445016860962
13.702295780181885
19.58240818977356
33.73010730743408
9.617056846618652
22.619711875915527
73.14159822463989
11.328871011734009
11.305937051773071
16.54057788848877
22.712537050247192
22.119863271713257
36.546016693115234
41.24282217025757
25.68810725212097
39.21499419212341
22.132096529006958
48.86039400100708
61.13696026802063
50.15684103965759
15.753684520721436
79.412926197052
51.80187678337097
15.463135957717896
33.628357887268066
35.579676151275635
25.312978982925415
23.706133604049683
27.28093433380127
44.275951862335205
30.976693391799927
47.13144397735596
30.68034291267395
13.308212280273438
46.84022307395935
39.27414655685425
27.895228385925293
36.28000354766846
76.9115252494812
68.71523213386536
33.3790967464447
13.473710536956787
75.71319508552551
65.20309925079346
24.903480529785156
29.147119522094727
71.2267816066742
20.332277536392212
41.882887840270996
17.761303424835205
79.74903178215027
38.6562557220459
44.07399368286133
44.36910557746887
71.20187449455261
33.50754261016846
31.52878212928772
57.960317611694336
65.54071116447449
37.85399317741394
62.799224853515625
55.10816431045532
28.4826979637146
29.25292992591858
25.629838705062866
42.733786821365356
74.0317895412445
36.242045640945435
56.59982204437256
54.211150884628296
43.12533688545227
77.47379684448242
62.94453310966492
31.27673625946045
67.72150897979736
60.04846405982971
27.361400604248047
40.355764389038086
80.77113318443298
