2.6082582473754883
2.402738571166992
2.6878116130828857
3.0031328201293945
2.447805166244507
6.883304834365845
2.434358835220337
5.38459587097168
5.1565423011779785
4.564867734909058
4.3771069049835205
4.443057537078857
7.522324562072754
12.066256523132324
12.87895941734314
14.269308805465698
9.851327180862427
10.373902797698975
4.8681981563568115
17.282260417938232
23.91627550125122
24.05214762687683
20.37458872795105
11.690107822418213
15.290343046188354
9.962993144989014
16.32652974128723
16.48013710975647
9.150720357894897
16.56996202468872
39.2295937538147
25.262138605117798
49.41828274726868
41.6671302318573
19.996368408203125
23.080042839050293
6.760345458984375
18.963521718978882
9.48998212814331
17.634466409683228
42.41812014579773
14.760522842407227
8.909415006637573
19.145496606826782
7.374982833862305
7.267543315887451
12.534855604171753
6.792814016342163
19.00253176689148
14.262516260147095
21.893359184265137
11.264691829681396
22.68144679069519
15.066511869430542
31.254631280899048
36.17394042015076
34.55073356628418
33.83424115180969
28.011780738830566
27.55851936340332
13.622923135757446
21.594547033309937
36.40648651123047
30.66321563720703
22.717444896697998
32.11920881271362
25.4748637676239
41.86914896965027
28.87759232521057
26.392213106155396
38.66437315940857
48.30838060379028
29.813006162643433
20.126615285873413
29.07898473739624
26.614672899246216
12.328985691070557
48.704402446746826
50.21473813056946
46.41133999824524
23.331045389175415
49.43476581573486
44.00092887878418
24.111072540283203
39.66163516044617
31.64776039123535
33.42630577087402
46.828115701675415
43.92487406730652
38.613123416900635
44.67297172546387
47.15390062332153
17.387808799743652
46.34187889099121
41.03665614128113
37.08281707763672
33.27240562438965
44.14785671234131
21.379612922668457
35.97609043121338
51.06732749938965
