2.6058242321014404
2.3039894104003906
2.2993369102478027
5.196056127548218
2.6361536979675293
1.1662237644195557
2.5714781284332275
2.7355360984802246
4.947972059249878
5.286500930786133
4.74934458732605
9.621573448181152
6.873544216156006
2.784003496170044
7.103440284729004
3.274792432785034
7.2694456577301025
5.147075653076172
4.906398296356201
14.604725122451782
5.519160032272339
4.428925275802612
9.754772663116455
17.247467041015625
7.367566108703613
7.219237565994263
9.168370008468628
24.122427463531494
9.564866542816162
31.5267493724823
12.05328369140625
11.752434730529785
11.941814184188843
7.533705234527588
12.147984981536865
14.737067699432373
23.27441143989563
12.107988357543945
17.22747230529785
29.325727462768555
7.569190502166748
29.697315216064453
26.04923725128174
15.651268005371094
14.267305374145508
19.252212047576904
21.703643798828125
9.822685718536377
14.661888599395752
19.352482318878174
14.553978204727173
9.6777822971344
8.958142280578613
9.529245376586914
26.922333240509033
17.137166261672974
7.355014801025391
11.748483180999756
12.942241191864014
23.967864274978638
27.400307178497314
11.794295310974121
15.054334163665771
23.097444772720337
24.61679768562317
40.250399112701416
21.86182165145874
46.14595699310303
21.165825128555298
13.958363771438599
21.848748683929443
23.33059287071228
21.69363784790039
45.115697145462036
35.66865372657776
21.747130155563354
24.120527029037476
38.36997079849243
33.52500367164612
19.56073260307312
19.889228105545044
19.378376245498657
42.85116004943848
31.895238876342773
18.521222829818726
43.66549801826477
19.481444358825684
18.967628240585327
48.58081817626953
17.569604873657227
21.23366904258728
35.010631799697876
48.17945837974548
16.482029914855957
17.05950117111206
16.851933002471924
40.724934577941895
37.718350410461426
22.229417085647583
24.03952980041504
49.67386770248413
