6.6578474044799805
1.252014398574829
3.886474132537842
9.87849235534668
16.030976057052612
0.9713590145111084
28.25194787979126
51.95609450340271
43.520766258239746
4.586533308029175
5.6070849895477295
48.556217670440674
44.356467485427856
2.4810190200805664
2.2625792026519775
26.232462644577026
53.26756310462952
2.3545594215393066
50.355995655059814
6.864670276641846
42.46513271331787
8.968336582183838
3.546666383743286
43.93052077293396
51.85655236244202
7.54921293258667
4.1873459815979
38.04400181770325
28.043810844421387
16.678706645965576
23.26155400276184
4.378040790557861
41.15544867515564
1.6297211647033691
20.362345933914185
45.15488386154175
35.1439049243927
53.8625328540802
13.347036838531494
4.181216478347778
4.949443578720093
21.364070177078247
2.5719187259674072
23.86470365524292
23.464995861053467
6.393172979354858
5.5702223777771
19.061352252960205
4.054728031158447
4.564980983734131
45.6498749256134
4.159284830093384
2.967681646347046
5.954602241516113
38.23537063598633
4.688047170639038
18.976506233215332
46.95644664764404
2.856933355331421
5.086436986923218
1.0284099578857422
6.377080202102661
4.275849342346191
3.5708625316619873
6.3790647983551025
17.55610990524292
52.551085472106934
6.468690872192383
39.5593740940094
5.31548810005188
2.7696638107299805
24.662919759750366
4.649731636047363
32.16281080245972
35.93866801261902
5.838703155517578
30.54663586616516
40.46115064620972
26.72415065765381
15.188861608505249
47.051971197128296
4.144336700439453
2.5550150871276855
12.2451651096344
7.352830648422241
1.234438180923462
4.559492588043213
10.577163934707642
6.119996547698975
3.951747179031372
14.749057054519653
30.85129475593567
8.859616041183472
6.182628631591797
6.562298536300659
34.61356163024902
6.5565032958984375
1.0056376457214355
33.570921182632446
21.7571964263916
72.97753071784973
