9.792725801467896
20.9826500415802
2.189974069595337
1.0077006816864014
14.992841958999634
17.491287231445312
7.559754133224487
41.77472949028015
32.97594881057739
23.788220167160034
31.610677003860474
16.8743999004364
0.9185326099395752
23.371667623519897
46.98081159591675
25.8803071975708
38.31672668457031
12.98998212814331
11.98825740814209
9.971560716629028
6.785226821899414
1.0109233856201172
3.6669089794158936
6.159351348876953
43.47742748260498
27.800420999526978
20.980494737625122
24.16705298423767
21.49168610572815
27.204557418823242
43.577858209609985
14.560182809829712
21.290125608444214
25.249586820602417
44.87372326850891
44.303972244262695
4.188592910766602
12.392080545425415
18.98751950263977
15.387971639633179
27.99700117111206
7.769891738891602
40.178189277648926
21.597332000732422
3.7534019947052
35.98225545883179
11.123076438903809
3.0066277980804443
46.192275047302246
17.08472180366516
56.46347260475159
8.47895884513855
23.082903623580933
55.1662802696228
2.4831440448760986
35.15258574485779
17.23872709274292
22.88493514060974
18.788804531097412
39.36905312538147
48.0436577796936
10.886072874069214
27.484544277191162
33.2530574798584
55.76369380950928
29.082728147506714
8.070154666900635
41.766414642333984
29.18457055091858
5.476654052734375
19.165034294128418
37.65665674209595
50.738138914108276
26.653531551361084
42.37984228134155
10.007598161697388
43.162254333496094
12.664039611816406
20.882587909698486
14.783793926239014
31.578580617904663
21.255885124206543
15.46797490119934
18.66879653930664
53.28770399093628
53.8253538608551
26.353411197662354
43.464816093444824
21.662516355514526
51.47900676727295
5.690991163253784
49.84189176559448
1.9816555976867676
8.053690195083618
43.34500193595886
42.04651117324829
4.169809103012085
20.889655590057373
12.267110824584961
21.340813636779785
75.58231472969055
