53.17135190963745
68.6480016708374
54.46734857559204
65.67762994766235
4.671244859695435
0.9927284717559814
5.379623651504517
69.9838387966156
59.95984077453613
23.043052434921265
12.45743203163147
35.26311254501343
61.37455606460571
8.346973180770874
56.96869206428528
42.06971979141235
44.57426571846008
55.83900761604309
3.2963740825653076
33.44803023338318
2.483614921569824
72.47003650665283
12.537509441375732
13.87144422531128
10.96589994430542
51.77185535430908
62.260571241378784
69.98012685775757
7.483065128326416
18.988737106323242
16.072481632232666
26.184908866882324
21.378159999847412
16.389853715896606
7.282037019729614
1.015817642211914
6.679100275039673
39.581141233444214
14.769951820373535
1.9003701210021973
41.46895122528076
7.126355886459351
52.408145904541016
2.8199493885040283
63.97203469276428
5.3770225048065186
75.45866966247559
4.299077749252319
35.77000164985657
22.05866050720215
28.06647300720215
59.67301416397095
4.989344120025635
33.076319217681885
0.9407691955566406
9.53019404411316
45.86704134941101
71.86525225639343
66.31840300559998
50.16956424713135
3.2506957054138184
75.94288182258606
31.070942401885986
37.04660081863403
67.9745831489563
0.9974873065948486
25.973838329315186
5.780064582824707
5.730194807052612
4.260491609573364
9.66503119468689
47.17813181877136
58.156517028808594
40.06384825706482
74.66038775444031
76.4795286655426
28.270161151885986
20.17386221885681
67.16692519187927
23.8826847076416
6.733445405960083
2.8068039417266846
1.0017530918121338
44.22391486167908
4.4745261669158936
4.675961256027222
4.076891660690308
30.846639156341553
3.262404441833496
27.019694328308105
37.26456117630005
49.36667823791504
6.083181142807007
47.95298886299133
44.31077241897583
23.358238220214844
17.468761682510376
4.474189281463623
64.84881973266602
6.7595202922821045
95.57767748832703
