15.389961004257202
92.35958790779114
52.35286331176758
1.654484748840332
49.35759401321411
18.18573832511902
67.78302431106567
39.464003801345825
1.0607562065124512
63.78161954879761
59.48147940635681
92.06611943244934
77.8657774925232
33.86876440048218
46.65570521354675
13.687909126281738
42.2638840675354
83.19039154052734
32.97626733779907
6.750362873077393
56.88728904724121
61.6853551864624
10.753172874450684
39.462613344192505
74.87443494796753
19.06866979598999
52.95353841781616
51.46399545669556
42.856112241744995
58.34568738937378
63.835495471954346
4.648151874542236
38.185935974121094
6.569333553314209
45.358349084854126
20.360528230667114
12.520946502685547
75.56946849822998
8.461669445037842
100.66047072410583
37.78111219406128
81.8604805469513
23.47892713546753
85.65959978103638
73.15593528747559
8.064294576644897
2.4568445682525635
21.9632830619812
90.37864351272583
102.15484499931335
78.47420454025269
28.674995183944702
16.761650800704956
44.65614056587219
106.01471400260925
68.86476182937622
35.37503218650818
90.26397943496704
65.37571668624878
53.86301946640015
98.16865181922913
68.16951870918274
102.1398549079895
55.75434184074402
10.65869402885437
103.75268387794495
28.3510525226593
71.1648051738739
96.04702425003052
88.04849314689636
47.958664655685425
4.168015003204346
59.957083225250244
98.6429398059845
30.844215869903564
70.1561439037323
15.159162998199463
99.65275502204895
88.65400767326355
94.95349454879761
31.546643257141113
81.16034579277039
84.85439085960388
61.36461353302002
93.65867066383362
50.83993911743164
106.7734866142273
36.048303842544556
106.7788758277893
25.154287338256836
65.97353982925415
47.851786851882935
81.053395986557
26.399560689926147
53.46209192276001
104.95597767829895
26.250588178634644
21.943957567214966
74.053786277771
86.4564254283905
125.88084959983826
