21.267584800720215
2.8481132984161377
14.27230453491211
5.991431474685669
6.259815216064453
12.262578248977661
3.0861728191375732
26.875303030014038
17.96123480796814
14.358693599700928
4.477294683456421
28.367576122283936
7.841230869293213
30.697662830352783
25.162294626235962
16.056493043899536
13.061350107192993
16.859691619873047
26.370099306106567
5.881430149078369
12.993924856185913
28.144005060195923
1.8907878398895264
10.477542638778687
29.974765062332153
19.957016468048096
14.57162857055664
7.166079759597778
28.87657380104065
24.067457675933838
7.053624868392944
5.548375368118286
13.690573453903198
25.469806909561157
8.981268167495728
20.9721941947937
5.096851110458374
1.902599573135376
25.261805057525635
6.863399505615234
7.400670528411865
10.177491903305054
1.610745906829834
22.652078866958618
6.784279823303223
32.062599420547485
3.7732772827148438
29.162865161895752
26.357178211212158
9.362582921981812
18.84849762916565
11.978100299835205
8.574641227722168
6.4590065479278564
19.26354718208313
3.774975061416626
4.074479818344116
22.172635078430176
30.946298122406006
28.8646399974823
29.2160701751709
6.279058456420898
3.151186943054199
22.492868661880493
19.780367612838745
24.76707696914673
4.957663536071777
15.076742887496948
4.350548267364502
17.879172325134277
23.859827280044556
7.34694504737854
2.2945408821105957
28.684145212173462
2.504866123199463
2.4915425777435303
17.345465898513794
16.7663791179657
22.46077847480774
31.220503568649292
6.376006126403809
7.978940010070801
8.759598731994629
2.2805821895599365
27.071009635925293
19.36603021621704
16.15294909477234
5.6482837200164795
20.754931211471558
7.233093976974487
3.952089786529541
8.521161794662476
11.567544221878052
7.675736427307129
25.07057547569275
3.1873443126678467
27.545855283737183
9.158892631530762
11.563063144683838
21.15503239631653
50.36978578567505
