27.768001317977905
8.085266351699829
33.58376455307007
25.17836880683899
2.4698147773742676
3.6421072483062744
49.671663999557495
28.2559232711792
1.9973013401031494
17.180174827575684
2.3705296516418457
19.080976724624634
13.077116012573242
6.870316028594971
40.06767010688782
52.6700541973114
14.094942569732666
25.871240377426147
6.353917598724365
17.485920190811157
24.672190189361572
6.08720850944519
15.987054109573364
28.481150150299072
1.4027862548828125
45.0724983215332
43.273518323898315
5.580377578735352
29.785844802856445
9.468683958053589
23.570880651474
38.83469533920288
15.989160299301147
1.0034053325653076
32.28420090675354
13.7937753200531
26.885937690734863
10.977899551391602
46.37167453765869
1.717331886291504
12.58798623085022
17.581345319747925
48.569732427597046
2.191333532333374
20.783758640289307
12.887194633483887
21.08784556388855
2.027313470840454
11.452678442001343
6.861771583557129
35.57437300682068
44.26853084564209
47.032729625701904
35.729170083999634
2.849175214767456
9.29061770439148
52.26765513420105
37.157793045043945
41.493414640426636
37.25974750518799
2.6560542583465576
16.395695447921753
8.777130842208862
14.48957085609436
8.770251274108887
41.465352058410645
12.359212636947632
3.068430185317993
31.380836963653564
10.389044046401978
33.28028607368469
25.574670791625977
14.385515928268433
22.6847665309906
5.054289102554321
19.07662796974182
29.879379272460938
24.17848253250122
4.589974880218506
50.25391364097595
46.37051010131836
27.189124822616577
26.953271865844727
23.5302095413208
44.36679792404175
1.5946884155273438
23.549521446228027
7.92471718788147
5.135241985321045
8.265056371688843
22.791789531707764
48.968769550323486
15.286753177642822
2.7458629608154297
18.868107318878174
20.05127739906311
3.058257818222046
21.693127155303955
53.43578743934631
21.76982569694519
72.57632946968079
