4.286426544189453
2.281461477279663
17.558490753173828
28.268651247024536
7.186134099960327
23.858779191970825
2.4243922233581543
4.263195991516113
18.17509412765503
2.011469841003418
24.664806604385376
8.57390546798706
14.968637466430664
14.48324203491211
30.81376361846924
16.77730703353882
10.567630767822266
19.268640995025635
6.053103685379028
26.647310256958008
16.564005374908447
18.355740308761597
6.065993785858154
5.794920206069946
14.468225002288818
0.9872028827667236
17.77677297592163
16.158629655838013
7.074488401412964
0.7862517833709717
13.382081270217896
4.196484088897705
5.319841623306274
5.155465841293335
10.434916257858276
9.872093915939331
10.680769205093384
12.14545202255249
7.164113283157349
4.083528280258179
12.079630136489868
31.756595134735107
14.466681480407715
26.079530000686646
5.355374336242676
28.951115131378174
14.652188301086426
16.06864356994629
4.080871820449829
13.270198345184326
5.906922101974487
2.691521406173706
19.976467609405518
4.151644229888916
28.679435968399048
10.177323341369629
4.680819034576416
1.0783731937408447
7.756659030914307
4.76429557800293
21.137052297592163
5.173824787139893
3.722137689590454
3.3837363719940186
8.897778749465942
8.590350866317749
22.982674598693848
21.830828428268433
2.695354700088501
20.677255630493164
4.1557042598724365
14.076436042785645
2.5943877696990967
5.567250967025757
22.186627864837646
28.27317500114441
24.48758363723755
22.448537588119507
20.15515899658203
24.658435106277466
26.443262577056885
5.992237567901611
3.56803297996521
19.259249448776245
22.462990045547485
14.79170274734497
2.88352370262146
16.1566264629364
11.734260320663452
10.313058376312256
27.144126176834106
30.95136594772339
32.25290012359619
4.356849670410156
4.060070991516113
2.4213411808013916
22.852248430252075
1.5951175689697266
1.107050895690918
4.677807092666626
51.378700494766235
