3.8992960453033447
32.95299673080444
5.932194471359253
3.1783602237701416
4.267061948776245
35.25426125526428
51.92332649230957
10.135834217071533
29.34060835838318
54.67107653617859
5.90036153793335
5.670360565185547
5.578210353851318
3.987576723098755
49.35508632659912
4.929803133010864
33.28919196128845
51.87387561798096
18.286036729812622
2.6848742961883545
5.506739616394043
3.9597840309143066
7.169551849365234
45.35444188117981
3.1848089694976807
36.97042393684387
15.820993185043335
2.484041452407837
38.07816982269287
27.456728219985962
3.3686752319335938
46.14800500869751
2.395564556121826
11.56735348701477
20.068603992462158
6.294256925582886
2.791260242462158
39.7744026184082
6.746134281158447
2.785557746887207
1.1911160945892334
48.052006483078
2.095716953277588
9.957513570785522
15.688608884811401
19.959709644317627
12.461827039718628
25.96482515335083
2.0742433071136475
24.957711935043335
23.553294897079468
41.450753688812256
55.759578466415405
44.2192485332489
4.630524635314941
21.55231285095215
2.280303478240967
4.5131165981292725
14.190773725509644
7.159570693969727
2.576791763305664
5.269376516342163
53.37227392196655
0.9790184497833252
47.74444556236267
35.74680042266846
8.586134910583496
4.396357774734497
42.57025408744812
36.94587278366089
18.68345880508423
2.364668130874634
17.097679138183594
53.66539430618286
3.184021472930908
43.87740135192871
52.557342767715454
5.1492462158203125
6.887163400650024
5.274707555770874
24.319735765457153
4.083178520202637
39.67256188392639
5.571003198623657
27.659937381744385
21.63701367378235
4.887146711349487
55.15788817405701
50.5443320274353
32.20482110977173
14.48176908493042
4.443871259689331
32.044673442840576
29.741825103759766
6.650619268417358
8.144493341445923
7.28371262550354
2.6920759677886963
1.7780933380126953
3.478588819503784
74.91152954101562
