85.75645232200623
62.4824538230896
46.311322927474976
10.381985902786255
83.38829779624939
76.68843674659729
51.97460675239563
97.06928133964539
59.581817626953125
21.86135697364807
1.0981290340423584
42.75794053077698
44.77272987365723
79.86422848701477
68.86732339859009
77.97386074066162
95.26898765563965
1.37068772315979
6.852309703826904
102.61795282363892
48.78131079673767
26.954155921936035
25.4497287273407
55.481266498565674
12.562882900238037
34.65700936317444
39.358436822891235
95.07092428207397
92.56833028793335
67.75355505943298
71.14323997497559
74.63888812065125
2.3942408561706543
32.164270639419556
23.968684673309326
11.062495708465576
65.86729431152344
80.67153024673462
83.96594142913818
37.15335488319397
1.0115787982940674
0.7725512981414795
70.54621624946594
72.8388044834137
22.75144672393799
79.76459050178528
86.86505198478699
13.55709433555603
84.16505289077759
38.08829116821289
18.35028910636902
1.2870347499847412
63.4743447303772
67.12049794197083
42.860947370529175
82.52311897277832
61.757102727890015
53.34377670288086
30.063804149627686
56.75824022293091
58.3549280166626
77.12879347801208
15.957641839981079
7.466003894805908
65.06336307525635
35.55532479286194
47.85207200050354
45.26061034202576
14.652014017105103
41.159467697143555
99.75131821632385
15.950229406356812
0.8687705993652344
3.9599127769470215
93.00409889221191
88.25056648254395
29.648433923721313
53.833664655685425
55.43624138832092
89.90748286247253
32.96252107620239
12.244215726852417
100.14390206336975
41.145549297332764
51.04514956474304
102.74338674545288
90.40838742256165
2.7716991901397705
20.246986627578735
4.445798873901367
61.15352129936218
97.94376134872437
28.445225477218628
34.34944701194763
74.72159218788147
10.35261845588684
8.05492615699768
17.74191665649414
20.84461498260498
5.644575834274292
121.8671805858612
