19.15341567993164
31.08554220199585
45.67452263832092
30.85606050491333
49.48409962654114
23.689149379730225
17.967885494232178
38.17815804481506
51.98077654838562
6.7629594802856445
6.659230947494507
38.249464988708496
20.672868967056274
9.366873264312744
6.573867559432983
20.495827198028564
21.885706186294556
2.2518486976623535
22.191629886627197
34.07979965209961
4.2834038734436035
22.132225513458252
5.192492961883545
26.582785606384277
2.476032257080078
24.77341914176941
55.27590370178223
7.576076984405518
29.589184761047363
2.671769857406616
15.180838823318481
15.183492660522461
2.7676522731781006
39.36892580986023
19.747415781021118
27.184712409973145
35.164751291275024
18.988234758377075
26.96971845626831
0.7804265022277832
41.41612482070923
20.289278745651245
55.96331334114075
53.96206068992615
11.787861108779907
25.684229612350464
11.98787522315979
32.36838150024414
32.08171725273132
43.265488624572754
39.7759964466095
41.43777775764465
9.34984302520752
40.667203426361084
17.253356456756592
17.07146143913269
19.286712646484375
14.486338138580322
17.744322776794434
53.16448402404785
48.05415630340576
5.021756172180176
51.17323589324951
49.36118793487549
14.657648801803589
16.959716320037842
41.561951637268066
28.664218187332153
8.272686243057251
56.65913271903992
24.462887287139893
0.7793025970458984
16.46414589881897
47.45278859138489
11.029750108718872
20.229692220687866
29.17138361930847
35.96915078163147
12.897194623947144
24.692997694015503
28.01172137260437
15.868176937103271
20.48316764831543
28.166805744171143
29.15019130706787
26.469327688217163
52.051421880722046
42.66411542892456
14.486310243606567
10.442950010299683
20.582640886306763
22.80917739868164
4.5236194133758545
33.25806760787964
12.56200122833252
5.867812871932983
15.979332685470581
24.35288166999817
36.26956391334534
45.75140047073364
75.77371501922607
