0.47123289108276367
0.8263273239135742
0.4230625629425049
0.4591636657714844
0.5289218425750732
0.6246745586395264
0.6237573623657227
0.6218652725219727
0.5201730728149414
0.7256414890289307
0.6134033203125
0.5266470909118652
0.7130389213562012
0.6269209384918213
0.5140917301177979
0.4835965633392334
0.5291545391082764
0.5280530452728271
0.6205840110778809
0.49172544479370117
0.5822353363037109
0.5301954746246338
0.6076240539550781
0.7126312255859375
0.39017271995544434
0.415679931640625
0.613278865814209
0.5736322402954102
0.5118863582611084
0.6188817024230957
0.5260467529296875
0.6081929206848145
0.5208888053894043
0.7125697135925293
0.7259476184844971
0.6229743957519531
0.5379421710968018
0.5139410495758057
0.5164711475372314
0.6166081428527832
0.534759521484375
0.47815942764282227
0.7141304016113281
0.6266462802886963
0.47040677070617676
0.5143411159515381
0.6825728416442871
0.4725780487060547
0.5966384410858154
0.6247098445892334
0.6192281246185303
0.46796369552612305
0.585458517074585
0.7294037342071533
0.5121674537658691
0.728600263595581
0.818763256072998
0.6209561824798584
0.6644434928894043
0.6260554790496826
0.7198710441589355
0.7181839942932129
0.5302743911743164
0.7233121395111084
0.5801310539245605
0.5202243328094482
0.7780847549438477
0.6150574684143066
0.7187676429748535
0.6198601722717285
0.6217751502990723
0.5895826816558838
0.924372673034668
0.47893691062927246
0.6175918579101562
0.6331207752227783
0.5186371803283691
0.5192937850952148
0.6142385005950928
0.6162109375
0.6209261417388916
0.6199448108673096
0.6228160858154297
0.6217269897460938
0.6186294555664062
0.6177558898925781
0.6357131004333496
0.5607728958129883
0.48435330390930176
0.6210858821868896
0.5240917205810547
0.5769999027252197
0.7176980972290039
0.6377944946289062
0.5966887474060059
0.6147646903991699
0.6160726547241211
0.6223437786102295
0.7191183567047119
0.71579909324646
68.86061477661133
