0.6969842910766602
0.42665672302246094
0.616908073425293
0.7143337726593018
0.49329495429992676
0.691016674041748
0.7214972972869873
0.6228194236755371
0.5764446258544922
0.6223499774932861
0.5250837802886963
0.7144551277160645
0.5079061985015869
0.7155814170837402
0.5176665782928467
0.6222374439239502
0.7330875396728516
0.4994089603424072
0.5191888809204102
0.6195292472839355
0.4152193069458008
0.6263420581817627
0.5227024555206299
0.648794412612915
0.512244701385498
0.5269289016723633
0.811830997467041
0.5197086334228516
0.3139357566833496
0.716489315032959
0.6816325187683105
0.5220348834991455
0.41469430923461914
0.53434157371521
0.6219704151153564
0.7191503047943115
0.5272781848907471
0.5843155384063721
0.43278956413269043
0.5215818881988525
0.7133884429931641
0.8081605434417725
0.4957878589630127
0.6115243434906006
0.8210647106170654
0.520977258682251
0.6151235103607178
0.49802565574645996
0.7151792049407959
0.6174371242523193
0.525226354598999
0.5156753063201904
0.5283257961273193
0.5984208583831787
0.6201038360595703
0.48938965797424316
0.4096505641937256
0.628751277923584
0.5828783512115479
0.5228886604309082
0.6289973258972168
0.499955415725708
0.5662662982940674
0.7217297554016113
0.5217440128326416
0.5721135139465332
0.4177381992340088
0.5740602016448975
0.7203445434570312
0.5341207981109619
0.36606907844543457
0.6899068355560303
0.7272982597351074
0.5645184516906738
0.7205700874328613
0.6171329021453857
0.5250675678253174
0.5754706859588623
0.7203700542449951
0.572908878326416
0.5906667709350586
0.5861477851867676
0.6159062385559082
0.42499327659606934
0.7154791355133057
0.27013635635375977
0.5748341083526611
0.5284698009490967
0.7176530361175537
0.6198379993438721
0.6301112174987793
0.5212860107421875
0.4835853576660156
0.6208975315093994
0.6239185333251953
0.6115145683288574
0.7203028202056885
0.6171958446502686
0.47475528717041016
0.618431806564331
67.47270917892456
