0.5971369743347168
0.5125679969787598
0.594062328338623
0.7120327949523926
0.5261518955230713
0.7199716567993164
0.42754530906677246
0.5067076683044434
0.7293426990509033
0.7146522998809814
0.6243200302124023
0.5267267227172852
0.592944860458374
0.5257391929626465
0.7183194160461426
0.52683424949646
0.3730020523071289
0.7220044136047363
0.5265820026397705
0.5137059688568115
0.6176855564117432
0.6205780506134033
0.6110677719116211
0.8233945369720459
0.5226640701293945
0.4111766815185547
0.5037243366241455
0.5134122371673584
0.7180337905883789
0.7228121757507324
0.6196269989013672
0.4199528694152832
0.6790456771850586
0.6307809352874756
0.5188345909118652
0.6286377906799316
0.5769915580749512
0.5316934585571289
0.6822910308837891
0.6182239055633545
0.6339974403381348
0.586228609085083
0.4828014373779297
0.6959576606750488
0.4953908920288086
0.6266837120056152
0.5897688865661621
0.5159657001495361
0.6112897396087646
0.7225420475006104
0.5316133499145508
0.520357608795166
0.709021806716919
0.5302770137786865
0.8243157863616943
0.6178586483001709
0.5200772285461426
0.4737842082977295
0.7184789180755615
0.623091459274292
0.6185140609741211
0.7163243293762207
0.5251798629760742
0.6249876022338867
0.6212337017059326
0.8282325267791748
0.6189939975738525
0.6036560535430908
0.5986366271972656
0.39487290382385254
0.520500898361206
0.47260570526123047
0.7215509414672852
0.5284361839294434
0.8125169277191162
0.6211833953857422
0.6251721382141113
0.4900233745574951
0.6222898960113525
0.7195751667022705
0.5163760185241699
0.5239965915679932
0.8211939334869385
0.6172051429748535
0.5110626220703125
0.5330166816711426
0.6160798072814941
0.5147852897644043
0.7246320247650146
0.7282154560089111
0.717200756072998
0.7173523902893066
0.6248841285705566
0.7149884700775146
0.6224875450134277
0.6191537380218506
0.49236154556274414
0.5187804698944092
0.5242040157318115
0.4315910339355469
68.67215394973755
