0.4753706455230713
0.8214752674102783
0.6202142238616943
0.5308406352996826
0.45209646224975586
0.7229251861572266
0.7194194793701172
0.5280249118804932
0.617020845413208
0.6095571517944336
0.9180405139923096
0.6731550693511963
0.707261323928833
0.5343270301818848
0.5051572322845459
0.724205493927002
0.7561845779418945
0.7190694808959961
0.4788014888763428
0.6159467697143555
0.6263301372528076
0.4275696277618408
0.7122006416320801
0.6257767677307129
0.6196315288543701
0.5208530426025391
0.7064015865325928
0.522150993347168
0.5189261436462402
0.677321195602417
0.6240062713623047
0.8302977085113525
0.46860408782958984
0.5021634101867676
0.5744898319244385
0.7149388790130615
0.6117942333221436
0.49219202995300293
0.598121166229248
0.6790316104888916
0.5103826522827148
0.7216644287109375
0.6239476203918457
0.6247882843017578
0.41889214515686035
0.5976588726043701
0.5990915298461914
0.5152318477630615
0.5835788249969482
0.7247304916381836
0.5232813358306885
0.40059924125671387
0.5237026214599609
0.617786169052124
0.7155306339263916
0.5182702541351318
0.6187052726745605
0.59136962890625
0.602231502532959
0.6304535865783691
0.5793957710266113
0.6251859664916992
0.613213062286377
0.48111629486083984
0.4857769012451172
0.5305447578430176
0.5128023624420166
0.6582443714141846
0.6206498146057129
0.6198797225952148
0.4800729751586914
0.8025176525115967
0.7133340835571289
0.4767491817474365
0.5812878608703613
0.6212637424468994
0.6202635765075684
0.6169679164886475
0.6303975582122803
0.6265232563018799
0.4192171096801758
0.5167162418365479
0.6149168014526367
0.815650224685669
0.5279028415679932
0.508051872253418
0.6830868721008301
0.6170370578765869
0.4197087287902832
0.6890809535980225
0.5268456935882568
0.5170612335205078
0.6305897235870361
0.7147161960601807
0.5374362468719482
0.4617483615875244
0.6183538436889648
0.5236821174621582
0.7283461093902588
0.5297842025756836
69.06774854660034
