0.4762413501739502
0.4842565059661865
0.69476318359375
0.6147191524505615
0.62603759765625
0.5176255702972412
0.6133241653442383
0.5152828693389893
0.6303262710571289
0.721217155456543
0.5842757225036621
0.6220197677612305
0.7212767601013184
0.5209133625030518
0.6183125972747803
0.6948823928833008
0.573434591293335
0.6282532215118408
0.7541375160217285
0.4265923500061035
0.5233299732208252
0.5118169784545898
0.4273641109466553
0.5163779258728027
0.7136316299438477
0.47424769401550293
0.7210366725921631
0.7218830585479736
0.5910277366638184
0.8904790878295898
0.7176530361175537
0.7371962070465088
0.7068006992340088
0.6278998851776123
0.521451473236084
0.5233409404754639
0.4178650379180908
0.7082290649414062
0.42166924476623535
0.37181878089904785
0.42319703102111816
0.6238532066345215
0.6195435523986816
0.5194342136383057
0.6170182228088379
0.7148842811584473
0.7270846366882324
0.4889211654663086
0.519629716873169
0.7234714031219482
0.5181243419647217
0.5183155536651611
0.5701594352722168
0.8916642665863037
0.6280384063720703
0.8217344284057617
0.8289322853088379
0.5180721282958984
0.7049987316131592
0.732797384262085
0.536186933517456
0.5178766250610352
0.523360013961792
0.4760117530822754
0.6215875148773193
0.9170997142791748
0.5242214202880859
0.711397647857666
0.47176313400268555
0.8758871555328369
0.6248033046722412
0.6272902488708496
0.5684638023376465
0.5229065418243408
0.5210068225860596
0.4184608459472656
0.6315200328826904
0.5089662075042725
0.6182551383972168
0.41719555854797363
0.6327970027923584
0.6153876781463623
0.5198919773101807
0.566417932510376
0.6962599754333496
0.6325376033782959
0.41944360733032227
0.6098103523254395
0.7175610065460205
0.6555404663085938
0.6333675384521484
0.6124670505523682
0.6120584011077881
0.625399112701416
0.6836073398590088
0.41147541999816895
0.5067846775054932
0.623117208480835
0.5207574367523193
0.8964345455169678
69.26551651954651
