0.6829581260681152
0.8318328857421875
0.6338093280792236
0.7205591201782227
0.423478364944458
0.6165969371795654
0.6181290149688721
0.5902183055877686
0.6284580230712891
0.6215579509735107
0.7255935668945312
0.7231457233428955
0.4223625659942627
0.5171527862548828
0.9154348373413086
0.6234228610992432
0.5238888263702393
0.8162887096405029
0.526972770690918
0.6182525157928467
0.721714973449707
0.4937906265258789
0.42500829696655273
0.5071802139282227
0.6193671226501465
0.7201530933380127
0.3951599597930908
0.5216891765594482
0.7245981693267822
0.5207242965698242
0.5267090797424316
0.5186853408813477
0.5184488296508789
0.6182806491851807
0.5189244747161865
0.6233232021331787
0.6198229789733887
0.6145005226135254
0.5261681079864502
0.5184085369110107
0.8238420486450195
0.5225865840911865
0.7216203212738037
0.7049381732940674
0.7301452159881592
0.615058183670044
0.7212471961975098
0.5392634868621826
0.6176722049713135
0.8175411224365234
0.5265388488769531
0.6218619346618652
0.5301260948181152
0.5226912498474121
0.721832275390625
0.7226734161376953
0.7071256637573242
0.5161218643188477
0.630765438079834
0.7190401554107666
0.4256002902984619
0.6773672103881836
0.6272354125976562
0.6093294620513916
0.6312966346740723
0.6228768825531006
0.51743483543396
0.5142536163330078
0.6218841075897217
0.520859956741333
0.6283779144287109
0.527940034866333
0.47916340827941895
0.6190979480743408
0.5289685726165771
0.5222086906433105
0.6120285987854004
0.6240618228912354
0.3978750705718994
0.5081787109375
0.6045644283294678
0.7816667556762695
0.720454216003418
0.4151277542114258
0.7173049449920654
0.37363338470458984
0.6130969524383545
0.8168957233428955
0.47379541397094727
0.5963971614837646
0.703519344329834
0.42686963081359863
0.6446840763092041
0.6988537311553955
0.5117604732513428
0.722710371017456
0.7194099426269531
0.5132219791412354
0.6188735961914062
0.5146603584289551
68.76238870620728
