0.6161766052246094
0.6050512790679932
0.689424991607666
0.8180351257324219
0.8205089569091797
0.6245241165161133
0.5237607955932617
0.4145698547363281
0.7175590991973877
0.6275990009307861
0.5166411399841309
0.614995002746582
0.42092251777648926
0.6240394115447998
0.5983448028564453
0.81756591796875
0.7031152248382568
0.6171739101409912
0.5249865055084229
0.6007747650146484
0.6186466217041016
0.5756897926330566
0.5136532783508301
0.6196737289428711
0.5669653415679932
0.7119419574737549
0.624363899230957
0.7321386337280273
0.6125099658966064
0.6252050399780273
0.46569228172302246
0.42643094062805176
0.6232163906097412
0.81595778465271
0.8191258907318115
0.4827702045440674
0.6163573265075684
0.5222029685974121
0.6914598941802979
0.5204441547393799
0.6133449077606201
0.5244407653808594
0.4228813648223877
0.4190080165863037
0.5069887638092041
0.8308384418487549
0.7297194004058838
0.46900105476379395
0.8229920864105225
0.49861598014831543
0.47567009925842285
0.5882151126861572
0.8181188106536865
0.9255039691925049
0.5137317180633545
0.6151330471038818
0.5223836898803711
0.522019624710083
0.5265741348266602
0.6945338249206543
0.5246942043304443
0.4169905185699463
0.6106400489807129
0.4960165023803711
0.5168707370758057
0.5370516777038574
0.5978868007659912
0.6188695430755615
0.6231069564819336
0.51877760887146
0.586388349533081
0.6274843215942383
0.6180603504180908
0.4806196689605713
0.6161937713623047
0.8304805755615234
0.719954252243042
0.5804071426391602
0.620725154876709
0.5734765529632568
0.626598596572876
0.6110799312591553
0.6279852390289307
0.41994309425354004
0.5161101818084717
0.8213865756988525
0.7163727283477783
0.5674383640289307
0.6284046173095703
0.626596212387085
0.6197023391723633
0.5212423801422119
0.8140418529510498
0.807316780090332
0.7829129695892334
0.6142582893371582
0.623997688293457
0.5242621898651123
0.8191745281219482
0.5175213813781738
69.97371554374695
