0.5044500827789307
0.7333617210388184
0.519627571105957
0.7257509231567383
0.7191462516784668
0.5718612670898438
0.6230170726776123
0.4203639030456543
0.7172322273254395
0.6135528087615967
0.7284748554229736
0.5072605609893799
0.6260383129119873
0.47774195671081543
0.6175498962402344
0.7152805328369141
0.6143312454223633
0.36139392852783203
0.8203239440917969
0.5262894630432129
0.26830339431762695
0.6098341941833496
0.6253964900970459
0.41656994819641113
0.428295373916626
0.6233561038970947
0.517657995223999
0.6206471920013428
0.7575912475585938
0.38934326171875
0.7243237495422363
0.9178454875946045
0.6174538135528564
0.5252289772033691
0.7065889835357666
0.6137080192565918
0.6429991722106934
0.5024335384368896
0.5257489681243896
0.5901625156402588
0.6203699111938477
0.4931809902191162
0.527212381362915
0.5598855018615723
0.4953951835632324
0.511728048324585
0.6242711544036865
0.7200720310211182
0.5178518295288086
0.517247200012207
0.7043857574462891
0.6097972393035889
0.7301535606384277
0.5145506858825684
0.6212794780731201
0.6199727058410645
0.626105785369873
0.612861156463623
0.7376689910888672
0.7918217182159424
0.7324624061584473
0.7191998958587646
0.6188797950744629
0.527090311050415
0.5158629417419434
0.521914005279541
0.6188192367553711
0.626662015914917
0.6184086799621582
0.5221755504608154
0.5718257427215576
0.6171679496765137
0.6148543357849121
0.5202686786651611
0.8201141357421875
0.6260020732879639
0.5224075317382812
0.5131697654724121
0.46957874298095703
0.7220382690429688
0.5082800388336182
0.6077561378479004
0.7186365127563477
0.7232742309570312
0.3766613006591797
0.7110719680786133
0.6199514865875244
0.5274550914764404
0.5201301574707031
0.8139040470123291
0.6363563537597656
0.6158688068389893
0.5184555053710938
0.6168107986450195
0.6252777576446533
0.6284134387969971
0.6145944595336914
0.6230309009552002
0.7097184658050537
0.5266964435577393
68.69431614875793
