0.3933744430541992
0.6153416633605957
0.48766374588012695
0.4671308994293213
0.6152424812316895
0.49082207679748535
0.5343577861785889
0.6611719131469727
0.7187049388885498
0.5236647129058838
0.40144848823547363
0.7314462661743164
0.6126585006713867
0.7197287082672119
0.5961601734161377
0.7104783058166504
0.7322413921356201
0.5159332752227783
0.7173874378204346
0.6226656436920166
0.5131664276123047
0.6206090450286865
0.7186574935913086
0.6192800998687744
0.7249042987823486
0.811133623123169
0.5882594585418701
0.5164539813995361
0.47585225105285645
0.5128166675567627
0.72011399269104
0.6343824863433838
0.7280595302581787
0.6160900592803955
0.43842387199401855
0.5214748382568359
0.6269621849060059
0.41753315925598145
0.5147898197174072
0.3686339855194092
0.6141829490661621
0.5684893131256104
0.42755556106567383
0.5115904808044434
0.4741644859313965
0.6228816509246826
0.5170714855194092
0.5106608867645264
0.6242198944091797
0.6199033260345459
0.6185302734375
0.7141544818878174
0.4767599105834961
0.619591236114502
0.4868183135986328
0.7285721302032471
0.6143460273742676
0.6416006088256836
0.7083172798156738
0.6156363487243652
0.5697979927062988
0.4187891483306885
0.717048168182373
0.6106934547424316
0.6134302616119385
0.6184804439544678
0.7184004783630371
0.5163226127624512
0.520190954208374
0.6178386211395264
0.7182776927947998
0.6248297691345215
0.5101199150085449
0.6121525764465332
0.6255555152893066
0.8126342296600342
0.7282209396362305
0.5191309452056885
0.6186373233795166
0.6260528564453125
0.51753830909729
0.5190818309783936
0.6288082599639893
0.3838050365447998
0.5235846042633057
0.5106558799743652
0.7147018909454346
0.6140604019165039
0.6242594718933105
0.6745483875274658
0.6355721950531006
0.5224173069000244
0.5178632736206055
0.6188066005706787
0.41454195976257324
0.5222499370574951
0.6133558750152588
0.6145474910736084
0.46392178535461426
0.524369478225708
67.47454237937927
