0.5889909267425537
0.7333040237426758
0.6243507862091064
0.6244728565216064
0.6189568042755127
0.724374532699585
0.7276735305786133
0.620995044708252
0.7235813140869141
0.7134437561035156
0.42377781867980957
0.5766525268554688
0.62314772605896
0.5774261951446533
0.9187285900115967
0.6410200595855713
0.7158989906311035
0.5285344123840332
0.5850114822387695
0.6604595184326172
0.6251480579376221
0.583061695098877
0.6210966110229492
0.6143841743469238
0.43178248405456543
0.677288293838501
0.713627815246582
0.8116183280944824
0.5263228416442871
0.8258800506591797
0.7151532173156738
0.6216185092926025
0.5920557975769043
0.6251282691955566
0.8193681240081787
0.523841142654419
0.46827030181884766
0.5662000179290771
0.6314611434936523
0.5925436019897461
0.6148755550384521
0.6213369369506836
0.5198802947998047
0.6188850402832031
0.8053452968597412
0.5268633365631104
0.7267951965332031
0.5839364528656006
0.5195407867431641
0.6142690181732178
0.6912992000579834
0.7118673324584961
0.5168554782867432
0.49352145195007324
0.7283179759979248
0.49578094482421875
0.6312031745910645
0.457226037979126
0.9261786937713623
0.6319425106048584
0.5792152881622314
0.5113999843597412
0.5230648517608643
0.8203370571136475
0.6232929229736328
0.8079864978790283
0.5312473773956299
0.41570496559143066
0.7214748859405518
0.6096584796905518
0.5194017887115479
0.7152085304260254
0.6272764205932617
0.41967082023620605
0.5212254524230957
0.6241226196289062
0.8112595081329346
0.727928876876831
0.5214319229125977
0.6206567287445068
0.5903439521789551
0.5134425163269043
0.6262259483337402
0.7260074615478516
0.7205033302307129
0.5214641094207764
0.5908341407775879
0.6338140964508057
0.7115235328674316
0.6162581443786621
0.48015570640563965
0.7197797298431396
0.7283964157104492
0.617196798324585
0.5190808773040771
0.6719002723693848
0.6169061660766602
0.7237691879272461
0.8185508251190186
0.6300818920135498
71.68051743507385
