5.175809621810913
2.381140947341919
5.077394962310791
2.282735824584961
7.261579751968384
7.46931529045105
10.281277418136597
20.08090329170227
12.879157543182373
17.179752111434937
9.775906562805176
17.60186505317688
12.465852499008179
15.167622566223145
19.859410047531128
22.332106113433838
14.770470380783081
32.78410601615906
25.488301038742065
22.630385398864746
40.489911794662476
27.680508136749268
28.28140616416931
29.879956483840942
30.27290439605713
34.84605860710144
32.4476797580719
35.401331663131714
25.318593740463257
37.19129800796509
43.06194019317627
40.259467124938965
49.03779578208923
43.349212408065796
38.29391002655029
46.52674627304077
46.24725937843323
51.78510904312134
51.58393168449402
49.28036594390869
52.57518219947815
52.568363428115845
51.57896566390991
52.68696117401123
53.28164863586426
51.884796142578125
51.78139567375183
53.18311929702759
53.27336764335632
51.08148241043091
53.851304054260254
51.07361078262329
53.57969880104065
53.682297706604004
52.078606367111206
52.788172245025635
52.38763642311096
50.58199381828308
54.38018774986267
52.08363151550293
53.18213987350464
54.28138828277588
51.669548749923706
52.38670516014099
53.997180461883545
54.08222198486328
52.78375554084778
53.278486013412476
53.376765966415405
53.88572311401367
53.48633027076721
52.69585728645325
53.38829851150513
51.78225064277649
52.374021768569946
53.08104419708252
52.115785121917725
51.88216471672058
51.781883239746094
52.084205865859985
53.074408292770386
52.093806743621826
51.488982915878296
51.685383319854736
52.38133668899536
51.571104288101196
52.50424265861511
52.37898373603821
50.895891427993774
50.57890725135803
52.88352346420288
53.279566526412964
50.48579430580139
49.79293751716614
50.68632793426514
52.18266010284424
50.78198432922363
52.68294930458069
51.77693271636963
50.47828459739685
130.47221207618713
