5.887916564941406
2.7947561740875244
7.883842706680298
5.378360748291016
3.077507495880127
10.729482889175415
8.241793870925903
12.57478141784668
15.700963020324707
10.705554246902466
15.138327360153198
13.069812536239624
38.58771753311157
18.172791719436646
26.655221939086914
18.299845457077026
23.558984756469727
23.15849018096924
21.552130460739136
35.39487385749817
31.699005365371704
36.22596049308777
26.29237389564514
33.75725841522217
31.270389318466187
20.35436725616455
28.666066646575928
28.896748304367065
37.74277067184448
33.66886615753174
40.99255418777466
45.44014048576355
46.44807291030884
41.070600509643555
48.10550618171692
43.544344663619995
51.9718804359436
43.741254568099976
48.99678063392639
50.570786476135254
51.989526987075806
51.199257135391235
51.78336524963379
50.89530897140503
51.38032865524292
50.985469818115234
51.55971169471741
51.6640419960022
52.57632350921631
50.17683553695679
51.58550763130188
51.48484754562378
52.481781244277954
52.592408418655396
52.58486199378967
51.27435326576233
51.688915491104126
52.67850661277771
50.97709918022156
51.68678307533264
50.59309458732605
52.37932729721069
50.87507247924805
50.38609266281128
52.89533066749573
50.49830889701843
52.9752459526062
53.079862117767334
50.27690029144287
52.27084803581238
50.277276039123535
51.468379497528076
51.479020833969116
52.8816442489624
51.675588607788086
52.899343490600586
50.49374032020569
51.51151418685913
49.49377107620239
51.17554712295532
50.07699537277222
51.174561738967896
50.89024329185486
51.38537573814392
51.873953104019165
51.85848808288574
50.39261555671692
50.67444372177124
50.67283749580383
50.97646117210388
50.48120188713074
50.17872929573059
50.778785943984985
50.88439464569092
50.58539366722107
50.982768297195435
50.271403551101685
50.079835414886475
49.89505100250244
50.782981872558594
128.89643478393555
