2.641204357147217
4.83296012878418
2.237588405609131
5.0269153118133545
7.474343538284302
7.425464630126953
9.348897218704224
12.450473308563232
10.47504210472107
27.713345289230347
13.913734197616577
16.556532859802246
26.61582040786743
14.801029205322266
17.114722967147827
11.818434953689575
19.647321462631226
19.348600149154663
25.310898780822754
22.328720092773438
30.84566068649292
34.09615921974182
28.622268199920654
36.88290596008301
52.69284534454346
24.03018069267273
38.84546732902527
50.37175130844116
30.549494981765747
22.218841552734375
33.043551445007324
51.29012846946716
41.13756513595581
42.34175205230713
47.797223806381226
35.985931396484375
39.24991726875305
45.104623794555664
50.378448247909546
51.18903636932373
46.38559532165527
50.58534216880798
43.42223358154297
51.67996406555176
50.183090925216675
48.87038230895996
49.9786114692688
50.276615619659424
51.28415584564209
51.87911653518677
51.78533411026001
51.07364010810852
52.66453170776367
52.876564741134644
52.57477569580078
52.67674684524536
50.683388233184814
53.07928109169006
50.670631647109985
52.36609363555908
50.288530111312866
51.49797606468201
50.38627767562866
51.879677534103394
51.680428981781006
49.77821087837219
51.386682748794556
51.18653154373169
52.88291311264038
52.88087558746338
51.48850870132446
51.28443884849548
52.8890175819397
50.78557229042053
51.88353180885315
52.67607116699219
52.17975473403931
51.478516817092896
53.57202172279358
52.28259205818176
52.2887065410614
52.08895182609558
51.39139795303345
51.38390350341797
52.28658938407898
51.62238550186157
51.98914623260498
51.6696412563324
50.6832115650177
53.08159136772156
51.28376817703247
52.67566800117493
51.87931823730469
51.7725944519043
52.28181862831116
52.68781781196594
52.37695384025574
53.18584060668945
52.77712345123291
52.48906970024109
129.08345794677734
