1.7739415168762207
6.259033203125
6.960082054138184
9.561980962753296
3.0600574016571045
4.5557777881622314
13.961775302886963
8.956975221633911
11.360725164413452
23.160033702850342
11.657036781311035
20.504051446914673
48.161107778549194
14.951180219650269
17.410829544067383
20.069044589996338
15.546728372573853
22.1442289352417
18.117876529693604
50.99096179008484
32.4655020236969
26.410249948501587
27.11051321029663
38.68643069267273
36.31578016281128
29.77825117111206
24.311331748962402
42.85877585411072
30.57901668548584
51.981359004974365
28.07846426963806
49.38577365875244
49.987510681152344
37.51976180076599
42.96095371246338
40.57891392707825
45.31175112724304
52.27681040763855
50.86966419219971
33.267043590545654
39.58890223503113
45.15634250640869
34.92866039276123
47.40923881530762
49.38547968864441
49.57325053215027
50.585277795791626
51.08340263366699
50.980549335479736
52.1796817779541
49.2747437953949
50.679595947265625
51.4842894077301
51.78795385360718
51.1875946521759
51.59137511253357
52.37483739852905
51.67813420295715
51.59069490432739
51.98354887962341
51.26954245567322
51.587987661361694
51.67394733428955
51.27394485473633
50.97495460510254
52.68176865577698
51.88279747962952
50.774885177612305
52.980209827423096
51.889076709747314
51.88543939590454
52.0798020362854
53.17808961868286
52.276084184646606
51.68087363243103
52.77956748008728
52.287198305130005
52.18562912940979
52.42161226272583
50.579296827316284
53.18443274497986
52.58745336532593
53.58422780036926
52.48508548736572
53.48292589187622
52.48136830329895
53.277974367141724
51.47809314727783
53.484496116638184
52.97458529472351
54.17952084541321
52.778422355651855
51.98890733718872
53.68299841880798
53.880895376205444
52.97736048698425
52.58627653121948
50.874462604522705
51.08395171165466
52.29246687889099
128.87529039382935
