2.7779552936553955
2.274752140045166
13.163686752319336
4.765188455581665
5.062828540802002
10.565150499343872
7.089594602584839
7.7881786823272705
12.159698486328125
14.288093566894531
10.152114391326904
15.330749750137329
17.808910846710205
20.12909770011902
20.228770971298218
17.127796411514282
22.810919046401978
24.650044918060303
33.46451258659363
22.960644483566284
26.148731231689453
26.64938759803772
29.6068172454834
28.313607454299927
30.4086651802063
33.90106153488159
31.56614065170288
41.7658417224884
39.58462071418762
35.752721309661865
38.751771211624146
36.725197076797485
44.48260760307312
41.48374271392822
47.567585945129395
52.48084855079651
50.55091333389282
50.28400230407715
51.19655656814575
47.26993799209595
44.15330791473389
52.982049226760864
51.78148102760315
53.77736711502075
50.98470425605774
52.274441957473755
51.48232054710388
52.78247094154358
51.28711271286011
52.77963852882385
51.17664813995361
52.885467290878296
52.28418946266174
53.284446001052856
52.082090854644775
51.784175634384155
51.57155418395996
53.383315324783325
53.086302042007446
51.87510967254639
50.58026075363159
51.984808683395386
52.582329988479614
53.18652844429016
49.98032832145691
53.10399508476257
50.08755612373352
52.29576063156128
53.6698784828186
52.1715612411499
52.377946853637695
53.292367458343506
51.58812737464905
51.579559564590454
51.086408853530884
52.50891089439392
53.5745062828064
52.09490919113159
51.48706579208374
50.880120038986206
52.8635892868042
50.78165364265442
51.97729444503784
50.18455648422241
51.78208065032959
49.87894320487976
50.583340883255005
51.08590865135193
51.58305644989014
51.57338571548462
51.38457107543945
51.188151597976685
51.07885146141052
50.6822464466095
50.28680992126465
50.68505311012268
49.673075914382935
50.58556294441223
49.87335991859436
49.292742013931274
127.68603825569153
