2.271566390991211
10.752357721328735
2.7698891162872314
5.370096921920776
7.957431077957153
13.579451322555542
7.781742572784424
10.582753658294678
19.967674255371094
4.672125339508057
16.40608024597168
51.00391483306885
24.10668635368347
17.56842279434204
13.16768503189087
15.04738974571228
19.45693826675415
52.6591899394989
50.12391686439514
42.7922637462616
21.839954376220703
45.16916584968567
23.043256998062134
31.12776494026184
29.235565900802612
52.883554458618164
28.911471366882324
26.638327598571777
37.22387385368347
39.802398443222046
26.143155813217163
40.2940993309021
37.615715742111206
35.44029259681702
34.64933919906616
42.67965650558472
52.99562454223633
45.98430633544922
51.08206248283386
52.17950201034546
32.2383246421814
33.25405526161194
50.481597661972046
51.07885503768921
47.619309186935425
51.984283208847046
48.5027539730072
49.980921268463135
52.08289456367493
49.88238000869751
51.71241593360901
50.18224048614502
50.78761434555054
50.183218002319336
50.200390100479126
55.44901394844055
53.07723593711853
51.88129234313965
52.183303356170654
49.78336000442505
54.58514165878296
54.97586941719055
54.182618856430054
50.178157567977905
49.98433446884155
51.388893604278564
54.083624839782715
50.5874228477478
50.19707918167114
54.9678316116333
51.87576127052307
52.491283893585205
52.3792507648468
50.78141736984253
51.78533983230591
51.881375312805176
54.9612991809845
51.9878785610199
51.28307771682739
52.48226284980774
54.787779331207275
51.87871265411377
52.08057236671448
51.42385768890381
52.37734508514404
52.188477993011475
50.78080439567566
51.98860049247742
51.27871060371399
54.08201217651367
52.075039863586426
53.0821578502655
50.48894000053406
50.778461933135986
53.28594756126404
53.78809690475464
51.97588586807251
52.07647204399109
53.58346700668335
54.686039447784424
131.88138604164124
