2.4666025638580322
3.170048952102661
10.845723152160645
5.146376609802246
9.963266611099243
7.968996047973633
7.370537281036377
5.473217248916626
12.3318772315979
22.031660795211792
15.409296035766602
13.633022785186768
15.715518951416016
18.085095643997192
19.08001732826233
20.181975841522217
22.74722146987915
49.173258543014526
30.590028762817383
24.84318780899048
27.620209217071533
25.311254501342773
29.636127948760986
32.43622016906738
52.67652678489685
51.37852621078491
53.88247513771057
52.88365364074707
49.47632312774658
54.18518614768982
27.409124612808228
35.51941180229187
46.625699520111084
38.68695044517517
52.67976951599121
40.864805698394775
54.181782484054565
33.0340416431427
38.56354260444641
46.60581016540527
53.64206266403198
41.67809700965881
35.69652271270752
43.4299635887146
44.430503129959106
52.99076247215271
52.46309542655945
54.17942476272583
52.68715453147888
52.37945032119751
53.183125495910645
52.69188666343689
53.28129982948303
52.883280992507935
52.688955545425415
52.97901487350464
51.49348330497742
50.38131642341614
50.18478727340698
51.48128938674927
51.785717487335205
53.082645416259766
52.78727054595947
52.97569942474365
51.68595767021179
51.5812611579895
50.28239870071411
51.98488688468933
53.075005769729614
51.67529606819153
49.88509130477905
51.98563194274902
52.279273986816406
52.281139850616455
51.68803668022156
52.61853504180908
51.887261629104614
51.49255657196045
51.58176565170288
51.385042667388916
51.267088174819946
52.16263270378113
50.08463788032532
50.99039340019226
51.2862765789032
51.2639856338501
51.48219895362854
51.48119139671326
50.877373933792114
51.282432556152344
51.983187198638916
50.38984417915344
51.47778868675232
50.580687522888184
52.28653383255005
50.284671783447266
50.173401832580566
52.38078165054321
50.19054985046387
51.38249444961548
129.56522846221924
