8.453333139419556
2.865414619445801
12.061882257461548
5.648637533187866
2.6526308059692383
5.548740386962891
10.040915489196777
8.259576797485352
12.442392349243164
15.10962963104248
21.49696445465088
28.99811863899231
18.80073308944702
18.299644708633423
46.75679969787598
23.884734392166138
14.403007507324219
16.1086528301239
21.783411026000977
23.969245195388794
28.794259071350098
52.68165326118469
39.899497747421265
26.40195918083191
32.38948607444763
43.583916425704956
52.5438334941864
31.378128051757812
34.94655251502991
26.586624145507812
36.92823839187622
43.051907777786255
40.38394784927368
34.040618658065796
37.40402579307556
45.047738790512085
46.720654249191284
50.18016719818115
50.10939812660217
54.18282604217529
52.48115801811218
49.482604026794434
52.78174829483032
52.58350396156311
53.78149652481079
53.48615503311157
52.57794141769409
52.28547978401184
53.57289671897888
53.07400560379028
53.38640522956848
52.476361989974976
53.09395670890808
53.78362035751343
54.07837986946106
50.59580731391907
53.488396406173706
52.97740125656128
53.381436347961426
53.98452949523926
53.784783124923706
52.58021664619446
53.27087664604187
53.994014263153076
53.977519273757935
52.786019802093506
53.171024560928345
52.78605556488037
51.88855862617493
53.18174743652344
51.59287691116333
52.98105025291443
51.07745337486267
50.58636283874512
52.98642539978027
50.47994112968445
51.86984634399414
51.984172344207764
51.68202543258667
52.457162380218506
51.618279218673706
52.38318467140198
52.07819318771362
50.77592492103577
52.18182063102722
53.37719011306763
51.783820152282715
50.9971604347229
53.7766637802124
51.483980655670166
50.49821186065674
51.184539556503296
53.78038287162781
51.98694944381714
52.18545842170715
50.282553911209106
51.07292056083679
51.50318908691406
50.580997943878174
51.68254590034485
131.35747456550598
