2.1421210765838623
15.935451745986938
2.733445167541504
7.3768534660339355
7.189279794692993
4.986310958862305
4.6724138259887695
9.670841693878174
13.11826491355896
11.657916784286499
10.773735523223877
14.596052169799805
21.64596390724182
49.36531066894531
49.2899866104126
29.381681203842163
17.24593758583069
24.565023183822632
27.36013913154602
24.280210256576538
40.34787678718567
43.54408836364746
26.96349263191223
45.921372413635254
50.57125902175903
21.88955521583557
29.370200634002686
18.892468214035034
19.8917453289032
52.78878307342529
37.14565372467041
34.16855597496033
34.66552186012268
43.33629059791565
48.98554086685181
50.140501260757446
50.68981647491455
32.090660095214844
46.517611503601074
41.34689903259277
51.3032660484314
36.934232234954834
51.77629733085632
48.21308875083923
50.38365316390991
39.105626821517944
50.40526843070984
50.9813392162323
52.37772274017334
49.40863800048828
51.96095943450928
52.782400131225586
51.17521023750305
52.877975940704346
32.09017372131348
52.480637311935425
49.78461480140686
49.579407691955566
49.71295189857483
49.67903542518616
49.8852059841156
49.68066644668579
51.68159222602844
51.4683153629303
51.522825717926025
50.08132338523865
51.18398833274841
49.38510727882385
49.65869379043579
49.588412046432495
51.37643766403198
51.08259558677673
50.18889331817627
50.097928047180176
49.08288073539734
49.78146481513977
53.17858862876892
49.88407897949219
51.35430860519409
51.075658559799194
50.789902687072754
50.88456201553345
50.185028314590454
52.78419327735901
50.983145236968994
51.281848669052124
53.56016421318054
53.284515619277954
49.172465562820435
51.775829553604126
51.18143367767334
53.00129747390747
51.68757224082947
51.372846603393555
49.285839319229126
51.881279945373535
50.600948095321655
50.500155210494995
49.486581563949585
52.97819805145264
127.79452991485596
