6.1008217334747314
3.3142340183258057
16.030176401138306
41.20730924606323
10.992922306060791
8.699759721755981
3.202887535095215
8.295379400253296
5.492702484130859
13.170735597610474
16.544883251190186
14.060066938400269
10.373284816741943
18.55589747428894
22.53447413444519
21.422016143798828
19.544437408447266
23.429062843322754
25.963075160980225
36.84612250328064
31.15996789932251
25.45075750350952
28.946399688720703
31.83348250389099
28.35309600830078
33.836535692214966
34.56405329704285
51.936716079711914
37.647923707962036
39.526360511779785
39.54373741149902
41.94843339920044
43.90740513801575
48.9794704914093
44.679709911346436
46.77047920227051
51.639564037323
49.143229246139526
47.23251700401306
52.179152488708496
54.702391386032104
54.87868809700012
54.38076424598694
52.98773550987244
51.90017056465149
55.27781343460083
54.5824921131134
53.096850872039795
51.79287266731262
50.68723249435425
52.68681740760803
53.77606391906738
53.40140438079834
52.800952672958374
51.89028239250183
52.05848813056946
51.27865934371948
52.378777503967285
51.6836998462677
51.67889356613159
52.6840386390686
49.87566781044006
51.28834915161133
49.980019092559814
51.294692039489746
49.3859441280365
51.08726215362549
48.53428888320923
49.68311262130737
49.68527150154114
50.66882061958313
49.18152189254761
48.85527205467224
50.48417139053345
49.87938690185547
51.288445234298706
50.27857184410095
49.69178366661072
52.48324966430664
50.47788882255554
52.782501220703125
51.77586007118225
50.17894434928894
51.57068610191345
52.781696796417236
50.08338952064514
50.7685751914978
51.88619661331177
51.58318066596985
49.97912263870239
50.680766105651855
50.37698769569397
50.67492485046387
50.369667530059814
50.78433895111084
51.882442474365234
50.36898374557495
52.074389934539795
53.05524182319641
52.20339488983154
130.52855324745178
