50.07661318778992
48.33640241622925
50.680519104003906
19.272621631622314
5.677246809005737
48.581944704055786
48.87165665626526
50.482242584228516
48.07771015167236
48.98520851135254
43.669405698776245
48.287251710891724
51.97372817993164
7.264330625534058
50.48976683616638
13.654080629348755
36.602391958236694
48.39099431037903
50.8554413318634
51.287903785705566
25.87856388092041
49.90437054634094
50.72386908531189
21.155889987945557
23.18131995201111
49.88889169692993
51.679311990737915
49.38054156303406
51.07814860343933
49.88424611091614
22.98285746574402
48.875869274139404
48.7879102230072
50.573646783828735
28.57806086540222
48.587055683135986
26.263535737991333
48.98299598693848
51.580796003341675
4.506774187088013
51.28598928451538
50.98259735107422
24.95350217819214
32.31119751930237
51.683480978012085
50.88440275192261
49.18150448799133
18.5671443939209
48.6902220249176
16.01093864440918
8.078243732452393
50.88403367996216
47.98692035675049
48.78757977485657
2.259521961212158
52.27435827255249
17.165523767471313
49.57857918739319
42.247119188308716
9.334397554397583
49.38857293128967
27.859935760498047
51.37944531440735
49.573036193847656
33.63489389419556
38.98772311210632
11.837690353393555
32.95207762718201
12.756244421005249
21.754466772079468
44.74030566215515
5.765958070755005
41.84338140487671
48.67720627784729
35.43715739250183
49.081788539886475
40.656495809555054
49.98184514045715
50.97468137741089
50.182947874069214
49.50310134887695
50.70388722419739
50.88531041145325
39.45853924751282
15.342209815979004
51.27813100814819
31.544877529144287
50.88206887245178
49.88747453689575
48.98483610153198
48.835445404052734
46.33868741989136
50.57877731323242
30.148359537124634
2.5653746128082275
37.605396032333374
50.88319778442383
10.838177680969238
47.21541881561279
17.046424388885498
125.4737069606781
