49.98305034637451
47.7624785900116
21.452075481414795
51.273576736450195
51.79356837272644
50.2584228515625
50.58528661727905
1.3663458824157715
45.954854011535645
50.27243423461914
52.78615736961365
50.88568425178528
3.4582598209381104
50.282140254974365
13.0477135181427
51.08460783958435
14.242828369140625
51.680335998535156
50.97631025314331
50.425055503845215
39.38139247894287
49.9835991859436
50.77728509902954
50.986602544784546
39.37043237686157
52.175597190856934
49.48118853569031
26.558610200881958
50.6834659576416
50.86492967605591
51.28755259513855
10.01030158996582
28.84144377708435
50.184924602508545
32.155648946762085
50.4837281703949
21.24255061149597
49.98196816444397
52.67947292327881
17.408449172973633
37.484883069992065
50.58669471740723
49.67914366722107
50.17917561531067
50.48125123977661
15.044075012207031
44.537914991378784
51.579123973846436
37.41442060470581
41.829349994659424
25.11001229286194
51.984628200531006
6.102808237075806
10.306014776229858
32.421621799468994
48.88252854347229
50.57992935180664
50.88529586791992
11.933121681213379
34.724092960357666
50.08425831794739
49.886279821395874
50.276705741882324
30.80775761604309
28.437392950057983
50.872297048568726
24.322213172912598
52.48582696914673
19.082826375961304
50.580127239227295
52.18139934539795
50.78467631340027
50.58285713195801
44.888704776763916
10.136969089508057
46.442203521728516
42.3354594707489
27.015002727508545
49.58224129676819
7.836005687713623
30.515161752700806
23.13516640663147
12.434453964233398
3.499645948410034
48.88951396942139
5.827906131744385
50.45651960372925
51.65083169937134
35.31580924987793
50.57908034324646
7.538865327835083
52.78553366661072
16.882543563842773
50.67958378791809
19.883110523223877
49.382630586624146
49.97769284248352
51.582505226135254
51.978025674819946
48.6343138217926
125.85131239891052
