50.885886907577515
50.987035274505615
50.68443441390991
39.33572816848755
51.07756519317627
52.882761001586914
50.279499530792236
50.083465576171875
16.36654257774353
2.9359800815582275
31.68299126625061
51.48771667480469
42.86237835884094
51.79330635070801
26.874263286590576
7.510352849960327
22.187808752059937
44.94413733482361
50.97640800476074
20.748950004577637
50.18694353103638
50.87183904647827
34.08427834510803
15.774794578552246
50.08624601364136
42.764382123947144
50.48359155654907
52.28266429901123
49.002304792404175
50.883216381073
50.88470911979675
24.177654266357422
52.874685764312744
51.582228899002075
52.983054399490356
34.086209297180176
45.9583854675293
50.78459191322327
41.17200827598572
51.476685762405396
51.5828070640564
5.530475378036499
52.28059411048889
50.186314821243286
50.87474799156189
50.089519739151
50.75727844238281
20.35762882232666
28.758899927139282
50.376421213150024
22.832985639572144
53.084675788879395
28.055975198745728
51.87895393371582
50.92128825187683
52.4851598739624
11.56805968284607
30.255849838256836
26.25440549850464
11.36771559715271
38.46910262107849
50.98494362831116
13.967973947525024
51.67488622665405
50.75296330451965
51.87879133224487
4.921855926513672
19.117202043533325
52.38805031776428
46.74788022041321
40.46039080619812
52.18244934082031
2.7080912590026855
9.460109233856201
18.499334812164307
51.38006114959717
36.53743100166321
36.64776945114136
50.48560857772827
51.28101992607117
50.285317182540894
49.87807559967041
31.710641145706177
51.18418622016907
8.619305849075317
50.7855327129364
51.38001275062561
51.28695106506348
53.590062618255615
51.37504577636719
25.25080108642578
51.34950256347656
48.709710359573364
52.98052668571472
52.47893190383911
49.68494009971619
51.980907678604126
52.58264183998108
14.571012258529663
51.97967576980591
129.87032055854797
