50.08339595794678
53.075838804244995
53.17697215080261
52.17993783950806
34.77748966217041
23.18691062927246
26.577050924301147
43.35552096366882
9.28288984298706
30.37156319618225
37.06875729560852
32.17651581764221
52.673198223114014
52.6742045879364
50.27028274536133
51.47401785850525
52.281160831451416
52.79508423805237
43.24223875999451
52.6850106716156
53.58172082901001
11.460639238357544
49.4940927028656
53.28302788734436
51.27959990501404
14.083399772644043
52.97977876663208
53.28351283073425
40.66680908203125
52.87931513786316
49.564916372299194
1.6699745655059814
4.917855262756348
28.17224097251892
53.57494330406189
51.98027753829956
49.26248264312744
18.140508890151978
52.28920030593872
10.0611891746521
8.904438018798828
50.870176792144775
15.450041770935059
51.98001503944397
50.58563470840454
51.66148018836975
2.259768486022949
17.053695917129517
50.99023962020874
52.77855157852173
52.43672275543213
52.17923927307129
52.587406158447266
52.486562728881836
53.176440477371216
23.439724683761597
53.573671102523804
39.07869815826416
51.28310704231262
53.374353885650635
52.972182750701904
6.59458065032959
39.543447971343994
46.24104070663452
33.44251465797424
51.984081983566284
22.034468412399292
51.48674035072327
51.287238121032715
52.37613773345947
41.467665910720825
52.08155536651611
53.0834686756134
24.6655855178833
52.97190761566162
29.3671452999115
13.345857858657837
52.982706785202026
52.57416129112244
26.539995193481445
37.340147256851196
50.9904944896698
6.391653776168823
5.505702257156372
53.777775049209595
19.437057495117188
31.548558712005615
25.138970613479614
12.557871580123901
46.540757179260254
51.88938021659851
52.18328857421875
51.98566031455994
52.375874042510986
53.98630499839783
35.13899040222168
21.009509325027466
52.87987041473389
53.57892179489136
3.668853521347046
128.67629528045654
