52.583319425582886
10.277144432067871
8.573867797851562
43.63657808303833
47.386669635772705
51.88120436668396
41.36171555519104
6.2677295207977295
45.644248723983765
17.287955045700073
51.08503794670105
24.951386213302612
39.10341811180115
33.27204084396362
51.78557896614075
22.162264347076416
54.48477530479431
28.860780239105225
4.463069200515747
53.98679780960083
32.26913619041443
51.185173988342285
17.73595666885376
52.97875905036926
52.18082594871521
52.48268938064575
52.28492617607117
49.979336738586426
51.47583246231079
52.77634811401367
51.677623987197876
52.08922243118286
51.983790159225464
52.98597764968872
53.181336641311646
51.68293070793152
24.25745940208435
51.98673057556152
49.45951175689697
37.46306586265564
52.47909879684448
43.75111436843872
26.661201000213623
51.7812077999115
51.4885139465332
50.156742572784424
19.539239645004272
1.969531536102295
52.07489061355591
47.04380440711975
51.88603711128235
52.180484771728516
54.786433935165405
53.280807971954346
51.78818464279175
52.08450102806091
52.768346309661865
2.6652987003326416
6.464616298675537
52.64597225189209
54.18270778656006
53.18790149688721
51.77877855300903
52.978971004486084
52.27157258987427
52.37198042869568
52.581701040267944
7.063193321228027
51.877095222473145
20.732190370559692
51.39084076881409
40.5533082485199
51.48353457450867
53.28464150428772
50.7944917678833
52.6857123374939
27.90843152999878
15.445122957229614
40.242111682891846
51.68203377723694
51.98130536079407
53.49151659011841
52.37480878829956
52.78375768661499
30.49926519393921
31.18656349182129
52.3821964263916
34.94282603263855
12.653800010681152
52.18519473075867
52.18519639968872
8.735468864440918
37.24350309371948
22.11531972885132
13.947669744491577
11.56631588935852
16.603413820266724
51.780510663986206
35.741286754608154
3.7521743774414062
128.87303733825684
