52.28329110145569
51.586939573287964
24.970328330993652
50.97913575172424
49.98322558403015
52.78217530250549
42.42568778991699
48.04815721511841
53.88606858253479
52.982229471206665
34.13809657096863
51.98365807533264
28.875221252441406
37.834080934524536
25.066157817840576
51.781672954559326
18.058157444000244
52.57851767539978
6.815333843231201
30.769908905029297
51.47906827926636
39.46845841407776
44.07176351547241
34.97797131538391
15.2586510181427
22.576833486557007
4.465383291244507
52.190256118774414
52.278557777404785
9.808696985244751
51.91553258895874
52.18481159210205
9.503560304641724
51.99395275115967
52.58481001853943
52.48945736885071
52.7806236743927
27.229491710662842
26.460040807724
39.37241458892822
52.67649221420288
52.18796133995056
52.479597091674805
53.28252148628235
51.986608028411865
52.30685615539551
52.176488637924194
52.98795437812805
17.053679704666138
52.980438470840454
35.75985407829285
51.88302302360535
12.277583599090576
2.468968629837036
52.47905874252319
31.263673305511475
51.801597118377686
53.58751106262207
42.07249641418457
52.7821888923645
47.86841607093811
53.37794303894043
20.115085124969482
53.98914337158203
53.18516254425049
14.561345100402832
52.17919135093689
50.233755111694336
52.287843465805054
38.16057252883911
45.2647545337677
53.38087701797485
52.48518753051758
52.87955713272095
53.28401184082031
29.235456943511963
5.475104808807373
52.77859449386597
51.885814905166626
20.405062437057495
52.568984508514404
53.482900857925415
52.875322580337524
51.670154333114624
52.08458495140076
53.073824644088745
32.75733685493469
53.39055895805359
51.98520851135254
52.47693133354187
7.421717882156372
2.5636699199676514
53.287293434143066
52.47712564468384
52.67897129058838
12.778015613555908
22.210670471191406
53.67562460899353
43.55737638473511
46.35767841339111
131.8878161907196
