51.183141469955444
48.981430530548096
52.28032612800598
40.910890340805054
12.08272409439087
53.178022623062134
53.3815484046936
52.08348989486694
29.291350841522217
29.387823343276978
35.892327308654785
5.467931747436523
47.24772238731384
50.745524644851685
53.348148345947266
51.48539447784424
23.161405086517334
49.88894510269165
19.955801248550415
10.58193325996399
50.79086923599243
52.78135919570923
48.67392444610596
51.60162973403931
50.780893087387085
51.97932052612305
12.87507438659668
35.98133897781372
21.67677354812622
34.66872262954712
19.779916524887085
39.89768862724304
53.87858510017395
51.685850858688354
38.27034258842468
50.67607092857361
2.973494529724121
51.67994546890259
52.779008626937866
50.67630934715271
51.68134140968323
10.683113813400269
15.023099184036255
52.98426151275635
52.08232831954956
2.472978353500366
8.239858627319336
52.57141733169556
50.98266363143921
51.47778272628784
24.537768125534058
43.17992091178894
27.90934443473816
51.58087468147278
38.965710163116455
52.68858027458191
54.18083095550537
51.68497920036316
46.56337022781372
6.083418369293213
4.6752002239227295
52.080835819244385
42.56068253517151
51.58445763587952
25.844343185424805
50.89030599594116
52.180389642715454
18.540937900543213
52.21613001823425
8.7516770362854
32.359508991241455
15.449750423431396
52.27907752990723
51.15813684463501
50.88229489326477
53.38393449783325
51.583683490753174
53.18203377723694
51.77584385871887
51.47858643531799
51.592700481414795
17.244307041168213
31.97253918647766
53.687973976135254
52.18122935295105
51.2010600566864
44.95652985572815
51.37980651855469
51.16639232635498
34.45236086845398
26.84186601638794
52.883578300476074
51.172661542892456
51.977741956710815
51.57921051979065
52.880558252334595
45.43306827545166
52.38238978385925
52.07904553413391
51.28534388542175
130.57969546318054
