51.377936363220215
26.495582818984985
50.87772989273071
7.038502216339111
50.156909227371216
49.87260842323303
51.583781719207764
50.78663730621338
49.991910219192505
16.093494415283203
27.997145414352417
10.918972253799438
50.18918228149414
40.498863220214844
50.98879337310791
50.479095220565796
49.687615633010864
51.88126611709595
9.91081690788269
41.19410490989685
50.46126866340637
6.150623083114624
33.07020688056946
51.97722673416138
50.787914991378784
45.38233733177185
42.183046102523804
32.57539701461792
50.78191518783569
20.473154067993164
50.96898674964905
51.659796953201294
49.98242235183716
48.98414373397827
43.77889943122864
50.68624567985535
2.4715445041656494
8.835357666015625
16.76301121711731
29.762397289276123
50.34005880355835
47.87509512901306
13.204354524612427
51.47055983543396
49.68687582015991
49.88245511054993
50.78543734550476
15.083350896835327
51.17990040779114
31.48143458366394
35.54237246513367
34.2722008228302
38.843437910079956
50.66772174835205
4.856401205062866
51.4818000793457
51.174662590026855
50.47328519821167
52.12536597251892
21.754923343658447
51.381216287612915
50.481165409088135
23.149963855743408
35.85108470916748
47.059900760650635
25.33868432044983
30.152026414871216
50.787702322006226
48.15531802177429
50.477728843688965
42.75742864608765
51.18824052810669
13.30247950553894
51.47960424423218
49.88583588600159
50.38603663444519
50.477824211120605
49.57918572425842
37.94489288330078
5.06481671333313
24.54457974433899
49.85917019844055
28.962663650512695
50.77956509590149
50.68386888504028
49.47693967819214
51.690733909606934
51.46998906135559
18.85232949256897
52.87955904006958
48.88460874557495
49.77811551094055
19.632103204727173
50.98482894897461
2.1568024158477783
49.57888150215149
49.472439765930176
51.079641580581665
26.463789701461792
45.04815149307251
127.47215294837952
