46.14969539642334
51.787073850631714
35.5452024936676
50.561707496643066
16.649659395217896
51.28127479553223
4.807941913604736
51.285030126571655
39.15579414367676
13.157127141952515
52.68880820274353
51.98843312263489
52.47534394264221
3.5272250175476074
51.36827635765076
10.644365549087524
50.84674000740051
52.381131649017334
50.78727173805237
9.874707221984863
52.080751180648804
53.7789843082428
48.43329668045044
51.79060387611389
42.23785638809204
37.23521828651428
52.18229532241821
20.406211376190186
17.429232597351074
26.44235897064209
51.877281188964844
28.23442769050598
22.000231504440308
52.380441188812256
7.429794788360596
24.59913992881775
2.1376678943634033
50.589980602264404
28.917529344558716
51.98188877105713
41.30769324302673
25.89630126953125
2.317692518234253
30.812377214431763
13.11956524848938
51.07382130622864
51.98419690132141
52.07697772979736
50.68089938163757
7.484261512756348
33.48056936264038
52.284040212631226
5.664925575256348
36.18624663352966
51.48769950866699
11.101603507995605
53.08441185951233
44.00065088272095
52.18313407897949
51.48614454269409
50.67672824859619
51.27460598945618
51.77879738807678
51.38075852394104
50.68699502944946
51.48584985733032
50.589664936065674
51.70122766494751
32.78882193565369
51.17479634284973
51.18622064590454
52.575788259506226
49.89133667945862
15.80494475364685
37.80288314819336
51.677804470062256
53.77939319610596
19.51318359375
48.70669460296631
52.578662395477295
52.477303981781006
15.695763349533081
19.904526233673096
51.075589418411255
39.70344638824463
51.58663058280945
52.778258323669434
53.78836417198181
31.482008934020996
52.286646366119385
51.98168420791626
46.47638440132141
44.47954726219177
9.20804476737976
52.277010917663574
23.20380473136902
50.28212857246399
26.91278624534607
51.28991961479187
53.459426164627075
127.6456778049469
