18.976782083511353
9.264399528503418
16.880162000656128
31.099700927734375
52.59220099449158
52.78642439842224
29.789107084274292
4.392877578735352
50.50149989128113
52.181538343429565
52.478508949279785
1.7783963680267334
51.377041816711426
48.68898344039917
39.55399799346924
53.077749252319336
14.456620931625366
53.28089785575867
28.492316484451294
50.0730721950531
50.87005090713501
51.284501791000366
52.078134298324585
41.7574405670166
50.280105113983154
5.477642059326172
33.26089692115784
19.885198831558228
52.48117995262146
52.074145793914795
51.37709641456604
21.85914444923401
49.37947487831116
28.9881329536438
51.3840446472168
50.88150596618652
51.38375639915466
53.379849672317505
9.464296817779541
26.423619508743286
52.88024592399597
49.5723032951355
36.7839617729187
51.992079734802246
47.744462966918945
50.77820444107056
50.07984471321106
2.978057622909546
52.579853773117065
42.830904960632324
7.9759955406188965
53.78326058387756
50.68690276145935
52.79177451133728
32.164600133895874
50.786672592163086
24.75426483154297
22.855934858322144
52.379109144210815
52.507813692092896
25.609824657440186
50.49052834510803
50.47756600379944
12.156737089157104
50.68410658836365
51.88347125053406
51.27351212501526
14.923234939575195
51.48149657249451
34.76439046859741
11.654730796813965
17.11681842803955
52.78930187225342
45.66354489326477
52.582510232925415
36.255473136901855
52.58495497703552
41.35921812057495
6.615362644195557
53.33823752403259
45.35534858703613
52.68037939071655
52.07794117927551
52.573607444763184
37.57053327560425
52.284968852996826
51.98761796951294
53.08732271194458
51.67679023742676
52.184059143066406
41.2380051612854
52.753135681152344
52.18248462677002
51.77943205833435
52.0847110748291
44.85368490219116
51.8792405128479
42.362393856048584
40.166425704956055
51.57609677314758
129.98048377037048
