0.49853062629699707
0.715569019317627
0.7171759605407715
0.8200423717498779
0.8248920440673828
0.799285888671875
0.7183554172515869
0.5033659934997559
0.8877534866333008
0.7253963947296143
0.7379369735717773
0.8124561309814453
0.5282421112060547
0.7206916809082031
0.7178468704223633
0.71816086769104
0.7202861309051514
0.7167954444885254
0.43120360374450684
0.916365385055542
0.7202439308166504
0.5208115577697754
0.8246355056762695
0.7241427898406982
0.8161652088165283
0.6275951862335205
0.8198373317718506
0.574979305267334
0.5827944278717041
0.7256269454956055
0.5826616287231445
0.5274543762207031
0.8144786357879639
0.6242032051086426
0.7228186130523682
0.7711150646209717
0.8284578323364258
0.7198319435119629
0.7190759181976318
0.7210798263549805
0.8171420097351074
0.631591796875
0.9147200584411621
0.5997908115386963
0.528660774230957
0.6306560039520264
0.8907816410064697
0.6339449882507324
0.6289610862731934
0.8090219497680664
0.818960428237915
0.6361305713653564
0.6827178001403809
0.7202885150909424
0.7039952278137207
0.9275498390197754
0.7186684608459473
0.6286580562591553
0.8162345886230469
0.6150665283203125
0.7905330657958984
0.6136136054992676
0.826622724533081
0.7215955257415771
0.8155832290649414
0.41978907585144043
0.8205411434173584
0.8206489086151123
0.4301440715789795
0.7246341705322266
0.6865735054016113
0.5850129127502441
0.6215407848358154
0.7247254848480225
0.6172957420349121
0.7211244106292725
0.6076216697692871
0.6247978210449219
0.6258642673492432
0.6253488063812256
0.7180435657501221
0.625601053237915
0.634871244430542
0.8307347297668457
0.6026997566223145
0.7158689498901367
0.921992301940918
0.6229360103607178
0.620354413986206
0.9091317653656006
0.6147074699401855
0.6228878498077393
0.723886251449585
1.011596918106079
0.6038403511047363
0.5146777629852295
0.515862226486206
0.6252703666687012
0.716284990310669
0.6278896331787109
78.07999038696289
