0.36644816398620605
0.6301298141479492
0.39632463455200195
0.8017399311065674
0.66050124168396
0.8228068351745605
0.6764326095581055
0.6189196109771729
0.6283831596374512
0.7869887351989746
0.6207997798919678
0.7093968391418457
0.6786112785339355
0.6959502696990967
0.6597864627838135
0.6152548789978027
0.7176547050476074
0.623537540435791
0.6196703910827637
0.612083911895752
0.6914398670196533
0.729677677154541
0.9148716926574707
0.626751184463501
0.7163848876953125
0.7299492359161377
0.7236287593841553
0.6165525913238525
0.6167483329772949
0.5956528186798096
0.7153775691986084
0.3984494209289551
0.917578935623169
0.6216490268707275
0.8189501762390137
0.8083574771881104
0.4287574291229248
0.7743508815765381
0.6193721294403076
0.6251239776611328
0.6133759021759033
0.5237088203430176
0.7199864387512207
0.6190958023071289
0.9150526523590088
0.5213630199432373
0.8210322856903076
0.5189492702484131
0.5277531147003174
0.7167413234710693
0.5276601314544678
0.8147428035736084
0.5216984748840332
0.6152374744415283
0.6173648834228516
0.727858304977417
0.7186658382415771
0.7696335315704346
0.8186228275299072
0.529545783996582
0.8137450218200684
0.6338465213775635
0.8283591270446777
0.8144381046295166
0.8330724239349365
0.7214229106903076
0.6193575859069824
0.8161313533782959
0.6256103515625
0.819878339767456
0.7167811393737793
0.529583215713501
0.7236573696136475
0.515639066696167
0.7188770771026611
0.6305804252624512
0.7570910453796387
0.7290139198303223
0.8136882781982422
0.618384599685669
0.5225939750671387
0.4894564151763916
0.6049222946166992
0.620582103729248
0.668165922164917
0.8190577030181885
0.527824878692627
0.7180802822113037
0.7202093601226807
0.5346436500549316
0.8213760852813721
0.7870068550109863
0.719088077545166
0.4757804870605469
0.7162673473358154
0.6230330467224121
0.6822695732116699
0.7124907970428467
0.6238834857940674
0.6219613552093506
75.77869915962219
