0.6777849197387695
0.7366867065429688
0.5830109119415283
0.6279160976409912
0.7182559967041016
0.722588062286377
0.8209364414215088
0.5316848754882812
0.6119840145111084
0.7100355625152588
0.5227310657501221
0.5929164886474609
0.6690106391906738
0.8192117214202881
0.8205838203430176
0.5154941082000732
0.732201337814331
0.7862958908081055
0.6294770240783691
0.677964448928833
0.7211227416992188
0.611290693283081
0.635068416595459
0.6220817565917969
0.6139359474182129
0.7214562892913818
0.7196738719940186
0.6171314716339111
0.725358247756958
0.7840185165405273
0.7257733345031738
0.8135855197906494
0.7177691459655762
0.723426342010498
0.7208211421966553
0.7244083881378174
0.630460262298584
0.5183539390563965
0.8169374465942383
0.6285398006439209
0.7003731727600098
0.8092584609985352
0.7148187160491943
0.6307535171508789
0.7805588245391846
0.624016523361206
0.6919150352478027
0.7238636016845703
0.7220005989074707
0.7252683639526367
0.8227705955505371
0.7248561382293701
0.7145514488220215
0.7296454906463623
0.7146098613739014
0.6702234745025635
0.5253429412841797
0.8953001499176025
0.5253081321716309
0.6884229183197021
0.7288944721221924
0.7141802310943604
0.6807804107666016
0.6169345378875732
0.7217075824737549
0.9868741035461426
0.5928559303283691
0.8169491291046143
0.7251965999603271
0.7195043563842773
0.818037748336792
0.6146655082702637
0.4756011962890625
0.8357303142547607
0.5981669425964355
0.6894042491912842
0.6222631931304932
0.8184182643890381
0.7824966907501221
0.7318553924560547
0.719019889831543
0.6220731735229492
0.6170947551727295
0.5913059711456299
0.830308198928833
0.5648019313812256
0.8804728984832764
0.7165472507476807
0.6208491325378418
0.6193840503692627
0.622295618057251
0.7204744815826416
0.679807186126709
0.6893343925476074
0.595001220703125
0.6211402416229248
0.6056365966796875
0.6239981651306152
0.7193381786346436
0.7380490303039551
77.94437193870544
