0.610755443572998
0.72212815284729
0.6679832935333252
0.7244672775268555
0.6802856922149658
0.7198874950408936
0.8080494403839111
0.5847587585449219
0.8272716999053955
0.6796703338623047
0.7236535549163818
0.5776572227478027
1.0142693519592285
0.7140438556671143
0.7208402156829834
0.6986005306243896
0.9213352203369141
0.7205250263214111
0.6210646629333496
0.7241725921630859
0.629582405090332
0.8891937732696533
0.6814775466918945
0.49225282669067383
0.7215402126312256
0.7175123691558838
0.8390114307403564
0.5092089176177979
0.8212659358978271
0.6859948635101318
0.6186418533325195
0.928520679473877
0.6716279983520508
0.7122044563293457
0.5855786800384521
0.8216366767883301
0.6273858547210693
0.5752124786376953
0.7258822917938232
0.8183553218841553
0.633312463760376
0.6258397102355957
0.6226785182952881
0.6983158588409424
0.7207896709442139
0.6209115982055664
0.5290207862854004
0.7181229591369629
0.7274723052978516
0.8107941150665283
0.6789896488189697
0.7753477096557617
0.6218416690826416
0.7197339534759521
0.6202068328857422
0.7176721096038818
0.5865151882171631
0.4814023971557617
0.8207604885101318
0.7203218936920166
0.8089754581451416
0.723358154296875
0.7221841812133789
0.71994948387146
0.6303870677947998
0.9152264595031738
0.7162470817565918
0.6160013675689697
0.6055164337158203
0.5004591941833496
0.6709351539611816
0.5780839920043945
0.7119100093841553
0.635765790939331
0.7577304840087891
0.7742016315460205
0.6191568374633789
0.5260522365570068
0.6917533874511719
0.7163245677947998
0.7236940860748291
0.6267745494842529
0.7184500694274902
0.7305812835693359
0.7202842235565186
0.9140546321868896
0.6161181926727295
0.6252670288085938
0.7143876552581787
0.7286522388458252
0.7252342700958252
0.8293557167053223
0.7249870300292969
0.4837913513183594
0.7252156734466553
0.5217397212982178
0.7204685211181641
0.6331315040588379
0.9357240200042725
0.7192521095275879
78.58263850212097
