0.3945579528808594
0.6245236396789551
0.6220316886901855
0.6764004230499268
0.8605124950408936
0.9173750877380371
0.6739959716796875
0.6226463317871094
0.7193386554718018
0.8819713592529297
0.8194522857666016
0.7265820503234863
0.7172110080718994
0.7196383476257324
0.5822591781616211
0.623659610748291
0.7168192863464355
0.9220194816589355
0.9112956523895264
0.5155379772186279
0.5653741359710693
0.8214027881622314
0.8255798816680908
0.8233909606933594
0.6195757389068604
0.621389627456665
0.7211205959320068
0.6241657733917236
0.6193752288818359
0.7185206413269043
0.7272121906280518
0.8106932640075684
0.6299843788146973
0.7230455875396729
0.6814479827880859
0.5136301517486572
0.6109275817871094
0.5252952575683594
0.6118671894073486
0.6901900768280029
0.7858483791351318
0.6192381381988525
0.6811513900756836
0.7200579643249512
0.6812517642974854
0.6190454959869385
0.5319161415100098
0.7162783145904541
0.6879847049713135
0.7236249446868896
0.8230040073394775
0.7164509296417236
0.921757698059082
0.5882177352905273
0.5858941078186035
0.5841617584228516
0.623847484588623
0.5226309299468994
0.7136976718902588
0.6029050350189209
0.6827681064605713
0.8178715705871582
0.6175940036773682
0.6765823364257812
0.6675338745117188
0.7265143394470215
0.8122880458831787
0.628570556640625
0.6263511180877686
0.47435665130615234
0.7134339809417725
0.6167209148406982
0.7250311374664307
0.8218169212341309
0.718069314956665
0.7295892238616943
0.6245918273925781
0.7944707870483398
0.7211737632751465
0.5265038013458252
0.7162928581237793
0.615145206451416
0.597118616104126
0.6315224170684814
0.7055573463439941
0.8173360824584961
0.7283270359039307
0.8232429027557373
0.7370543479919434
0.6794636249542236
0.7225391864776611
0.5213923454284668
0.5141475200653076
0.7102322578430176
0.6126627922058105
0.6252567768096924
0.7159099578857422
0.6061334609985352
0.6989359855651855
0.7151808738708496
77.28580522537231
