0.7970592975616455
0.6234650611877441
0.6139497756958008
0.827692985534668
0.7154703140258789
0.7165801525115967
0.674018144607544
0.7243421077728271
0.7143359184265137
0.8214218616485596
0.6359946727752686
0.7999999523162842
0.6880125999450684
0.6258997917175293
0.6227395534515381
0.5961847305297852
0.7845592498779297
0.70204758644104
0.6282374858856201
0.7254154682159424
0.7144603729248047
0.5189552307128906
0.6190946102142334
0.712836742401123
0.6274683475494385
0.9321215152740479
0.7595868110656738
0.7265396118164062
0.720606803894043
0.9149429798126221
0.5214760303497314
0.6722633838653564
0.67279052734375
0.7419042587280273
0.6060831546783447
0.7303428649902344
0.8166930675506592
0.830885648727417
1.0172111988067627
0.5280687808990479
0.8192379474639893
0.7160019874572754
0.7237417697906494
0.6218447685241699
0.7248663902282715
0.8108680248260498
0.5319838523864746
0.7180039882659912
0.7166540622711182
0.6034984588623047
0.8145267963409424
0.6012136936187744
0.7212419509887695
0.5999546051025391
0.8759276866912842
0.6172730922698975
0.678452730178833
0.5301878452301025
0.9268262386322021
0.49921417236328125
0.8081016540527344
0.6236023902893066
0.716177225112915
0.8128600120544434
0.5277190208435059
0.512073278427124
0.519284725189209
0.6154398918151855
0.6258838176727295
0.6744174957275391
0.7180707454681396
0.6277999877929688
0.6229043006896973
0.816265344619751
0.710033655166626
0.42407846450805664
0.6306254863739014
0.7265908718109131
0.6207389831542969
0.5225322246551514
0.7215840816497803
0.6312832832336426
0.9094746112823486
0.8322901725769043
0.6259129047393799
0.8249931335449219
0.7370471954345703
0.8263194561004639
0.7227857112884521
0.7226221561431885
0.8246870040893555
0.801520586013794
0.7293214797973633
0.6128537654876709
0.7175283432006836
0.9103899002075195
0.7227535247802734
0.7116765975952148
0.7213387489318848
0.6180245876312256
78.4741542339325
