0.595203161239624
0.5893487930297852
0.8263227939605713
1.008429765701294
0.7236921787261963
0.6307728290557861
0.5711891651153564
0.8174667358398438
0.6947989463806152
0.6259431838989258
0.8115918636322021
0.4860801696777344
0.38007044792175293
0.6279652118682861
0.8329274654388428
0.7235743999481201
0.6216998100280762
0.584632158279419
0.7175123691558838
0.6209414005279541
0.7298679351806641
0.8159840106964111
0.6707320213317871
0.7280604839324951
0.7135787010192871
0.5803158283233643
0.586315393447876
0.7162973880767822
0.7114670276641846
0.9165160655975342
0.5256257057189941
0.7290782928466797
0.7190999984741211
0.5375204086303711
0.7140264511108398
0.6178202629089355
0.8201308250427246
0.6185786724090576
1.009169101715088
0.48269033432006836
0.7156667709350586
0.7364184856414795
0.8152570724487305
0.6154515743255615
0.6249642372131348
0.715106725692749
0.8180248737335205
0.5247411727905273
0.6204652786254883
0.7222316265106201
0.7270004749298096
0.5685052871704102
0.7160866260528564
0.8180270195007324
0.8078386783599854
0.5367434024810791
0.8188109397888184
0.9894318580627441
0.521592378616333
0.8148937225341797
0.7185118198394775
0.820720911026001
0.6289796829223633
0.8220300674438477
0.6299703121185303
0.7235887050628662
0.7181212902069092
0.42707157135009766
1.0165278911590576
0.526111364364624
0.8140454292297363
0.6338152885437012
0.9324722290039062
0.5683779716491699
0.7076873779296875
0.6189670562744141
0.5935614109039307
0.7234888076782227
0.831920862197876
0.630631685256958
0.6275100708007812
0.7180099487304688
0.6233494281768799
0.6134955883026123
0.8155679702758789
0.825855016708374
0.6172387599945068
0.6216659545898438
0.6309185028076172
0.7149128913879395
0.6239233016967773
0.7185676097869873
0.8210008144378662
0.6812641620635986
0.725358247756958
0.8118228912353516
0.6295197010040283
0.6187090873718262
0.7122519016265869
0.8238143920898438
78.16396641731262
