0.5061631202697754
0.7236373424530029
0.7760469913482666
0.7843327522277832
0.818572998046875
0.7254207134246826
0.7189347743988037
0.6217436790466309
0.7324924468994141
0.7243008613586426
0.6786336898803711
0.6192018985748291
0.6097276210784912
0.486466646194458
0.7189199924468994
0.8118314743041992
0.6193883419036865
0.6257286071777344
0.815136194229126
0.4643058776855469
0.8225610256195068
0.7134606838226318
0.6861605644226074
0.6319148540496826
0.7329940795898438
0.8247222900390625
0.7013511657714844
0.7210097312927246
0.6254711151123047
0.6164419651031494
0.4745326042175293
0.7732980251312256
0.7025742530822754
0.8214843273162842
0.7335929870605469
0.6832809448242188
0.8923041820526123
0.7279486656188965
0.7100136280059814
0.9365475177764893
0.7169866561889648
0.5322973728179932
0.5916774272918701
0.6206715106964111
0.7056598663330078
0.626091480255127
0.724541425704956
0.7172017097473145
0.7131819725036621
0.7141299247741699
0.6295907497406006
0.5003747940063477
0.6327767372131348
0.7206072807312012
0.5767459869384766
0.8188409805297852
0.5098252296447754
0.8369426727294922
0.593170166015625
0.7156012058258057
0.8180065155029297
0.5304601192474365
0.8110475540161133
0.5267074108123779
0.7044539451599121
0.7204146385192871
0.6887967586517334
0.5290193557739258
0.6155579090118408
0.6797332763671875
0.6230466365814209
0.786583423614502
0.8191287517547607
0.7211148738861084
0.719951868057251
0.5865764617919922
0.720050573348999
0.6232283115386963
0.7209413051605225
0.816347599029541
1.0819215774536133
0.616337776184082
0.5252346992492676
0.8135027885437012
0.8786747455596924
0.48340487480163574
0.5979208946228027
0.716151237487793
0.6252479553222656
0.7999856472015381
0.6786935329437256
0.6190330982208252
0.8104307651519775
0.6233274936676025
0.725283145904541
0.9113352298736572
0.6653702259063721
0.7285439968109131
0.7183988094329834
0.5919148921966553
78.17297554016113
