0.5193676948547363
0.621535062789917
0.6371541023254395
0.9115111827850342
0.6257245540618896
0.5189125537872314
0.7333619594573975
0.8233809471130371
0.6264121532440186
0.7160096168518066
0.7062070369720459
0.6206121444702148
0.6829018592834473
0.6213114261627197
0.5240952968597412
0.8149993419647217
0.6289098262786865
0.620084285736084
0.8217129707336426
0.9135475158691406
0.6236567497253418
0.5336542129516602
0.8202135562896729
0.49904584884643555
0.6911764144897461
0.6634526252746582
0.6260464191436768
0.7093369960784912
0.7266049385070801
0.7964026927947998
0.62664794921875
0.7214248180389404
0.7226309776306152
0.6125969886779785
0.5215704441070557
1.0172336101531982
0.7229557037353516
0.6833000183105469
0.5180215835571289
0.7330248355865479
0.5961980819702148
0.7224230766296387
0.5807616710662842
0.6119799613952637
0.6259498596191406
0.6169664859771729
0.7306792736053467
0.813500165939331
0.6200418472290039
0.5231478214263916
0.6203165054321289
0.7704288959503174
0.6198346614837646
0.7268226146697998
0.7664120197296143
0.6253116130828857
0.8168466091156006
0.6237690448760986
0.5352158546447754
0.8170418739318848
0.8243792057037354
0.4997093677520752
0.8257591724395752
1.0255260467529297
0.8118631839752197
0.6187388896942139
0.6594583988189697
0.7123143672943115
0.82810378074646
0.6241769790649414
0.8215577602386475
0.707813024520874
0.7258479595184326
0.71885085105896
0.473860502243042
0.8065321445465088
0.6192827224731445
0.7161605358123779
0.7247145175933838
0.8170671463012695
0.693387508392334
0.48875975608825684
0.4862370491027832
1.0207152366638184
0.8150134086608887
0.6230034828186035
0.6128449440002441
0.6140611171722412
0.7365453243255615
0.6163616180419922
0.7042863368988037
0.6203253269195557
0.9145565032958984
0.8150680065155029
0.6349947452545166
0.6200940608978271
0.8233418464660645
0.681039571762085
0.5282309055328369
0.8269574642181396
77.99979853630066
