0.696669340133667
0.6384537220001221
0.5984954833984375
0.7170596122741699
0.7209150791168213
0.7171282768249512
0.6216351985931396
0.7186388969421387
0.5838193893432617
0.7033615112304688
0.7926867008209229
0.493131160736084
0.7172493934631348
0.7173042297363281
0.6205453872680664
0.7344915866851807
0.7173292636871338
0.7716033458709717
0.5145795345306396
0.720259428024292
1.0258386135101318
0.7296535968780518
0.6171352863311768
0.7241778373718262
0.6158511638641357
0.7742125988006592
0.7208125591278076
0.6794178485870361
0.7194817066192627
0.6262640953063965
0.7168686389923096
0.7203719615936279
0.6101467609405518
0.7536730766296387
0.875831127166748
0.7224767208099365
0.9151644706726074
0.7273578643798828
0.7335259914398193
0.5733695030212402
0.6449315547943115
0.5717382431030273
0.7294492721557617
0.38465070724487305
0.584463357925415
0.8803544044494629
0.8191947937011719
0.813868522644043
0.8189213275909424
0.7155718803405762
0.6159741878509521
0.5286552906036377
0.8147614002227783
0.6282088756561279
0.7266771793365479
0.8189718723297119
0.820173978805542
0.6279370784759521
0.626960277557373
0.8629558086395264
0.7181901931762695
0.831047773361206
0.6232357025146484
0.672199010848999
0.7175381183624268
0.7213966846466064
0.5155067443847656
0.6823632717132568
0.6978561878204346
0.7233026027679443
0.6251969337463379
0.626884937286377
0.5556638240814209
0.7270326614379883
0.8838045597076416
0.6186282634735107
0.5828263759613037
0.9204790592193604
0.7129409313201904
0.6116218566894531
0.8324875831604004
0.5265142917633057
0.716045618057251
0.6240594387054443
0.5483191013336182
0.6571085453033447
0.6209201812744141
0.7242937088012695
0.727250337600708
0.8123264312744141
0.5867023468017578
0.6179068088531494
0.8232142925262451
0.5846996307373047
0.8202581405639648
0.5277044773101807
0.5210866928100586
0.614734411239624
0.8220713138580322
0.6204366683959961
79.57907915115356
