0.45327258110046387
0.7812149524688721
0.779106855392456
0.774198055267334
0.8839163780212402
0.7877597808837891
0.78702712059021
0.7844903469085693
0.8696730136871338
0.687340259552002
0.7845954895019531
0.791215181350708
0.87119460105896
0.7760138511657715
0.6831512451171875
0.6856236457824707
0.6794612407684326
0.6840851306915283
0.7774264812469482
0.8803369998931885
0.5975081920623779
0.8725292682647705
0.8759839534759521
0.6900534629821777
0.6849079132080078
0.8757586479187012
0.8766574859619141
0.6853666305541992
0.7890124320983887
0.8785009384155273
0.9761621952056885
0.8827965259552002
0.7848677635192871
0.7726719379425049
0.691164493560791
0.9783577919006348
0.8751275539398193
0.6844732761383057
0.7773087024688721
0.6798546314239502
0.8784196376800537
0.7895324230194092
0.6788628101348877
0.8860266208648682
0.8852388858795166
0.5885341167449951
0.8809242248535156
0.8806107044219971
0.8897848129272461
0.7810819149017334
0.8686947822570801
0.885352373123169
0.9817299842834473
0.7785935401916504
0.6842460632324219
0.7895498275756836
0.8865053653717041
1.0764808654785156
0.7802834510803223
0.7800984382629395
0.8801846504211426
0.8773937225341797
0.6869020462036133
0.7850804328918457
0.8814437389373779
0.878481388092041
0.777829647064209
0.8782138824462891
0.8873836994171143
0.885810136795044
0.8801987171173096
1.0718014240264893
0.8807520866394043
0.8917100429534912
0.7952001094818115
0.7853949069976807
0.6804721355438232
0.8727927207946777
0.7791569232940674
0.5909090042114258
0.7853124141693115
0.680182695388794
0.7844691276550293
0.7883555889129639
0.8770873546600342
0.766643762588501
0.6055021286010742
0.8801002502441406
0.8757522106170654
0.6807622909545898
0.8592174053192139
0.7907888889312744
0.7781622409820557
0.7865231037139893
0.8793871402740479
0.789031982421875
0.5643107891082764
0.587730884552002
0.7745864391326904
0.8791549205780029
81.85605931282043
