0.6077189445495605
1.082143783569336
0.6897046566009521
0.7792012691497803
0.9751832485198975
0.6831808090209961
0.8825409412384033
0.8852376937866211
0.6859362125396729
0.8809702396392822
0.9797334671020508
0.8839075565338135
0.8803176879882812
0.6837301254272461
0.7840104103088379
0.6982481479644775
0.6777410507202148
0.785193681716919
0.8736326694488525
0.8735916614532471
0.6881880760192871
0.8805191516876221
0.9666690826416016
0.8793890476226807
0.778742790222168
0.7878050804138184
0.8825497627258301
0.6903653144836426
0.8808965682983398
0.8834917545318604
0.7719314098358154
0.9796772003173828
0.9837663173675537
0.7837047576904297
0.688305139541626
0.7837874889373779
0.7831821441650391
0.8755011558532715
0.6812686920166016
0.7857577800750732
0.8787624835968018
0.782783031463623
0.7829630374908447
0.6885185241699219
0.8773751258850098
0.9829344749450684
0.8759584426879883
0.6924822330474854
1.0773875713348389
0.875359296798706
0.7807185649871826
0.7917611598968506
0.884864330291748
0.6740009784698486
0.8755295276641846
0.8849537372589111
0.7906179428100586
0.6628642082214355
0.8783707618713379
0.888185977935791
0.7760109901428223
0.7804238796234131
0.8806815147399902
0.6894357204437256
0.7830767631530762
0.9802122116088867
0.8852195739746094
0.9738724231719971
0.6883783340454102
0.8796775341033936
0.8823292255401611
0.6922061443328857
0.8682634830474854
0.6901659965515137
0.7850158214569092
0.9699838161468506
0.7879354953765869
1.0751841068267822
0.7830138206481934
0.7806782722473145
0.7837405204772949
0.7870943546295166
0.8819887638092041
0.7881324291229248
0.8759398460388184
0.7845113277435303
0.8716170787811279
0.6953532695770264
0.666306734085083
0.7754833698272705
0.7813715934753418
0.8881876468658447
0.773918628692627
0.8546600341796875
0.8086905479431152
1.0751514434814453
0.6832520961761475
0.7856824398040771
0.7820844650268555
0.6858856678009033
83.88950443267822
