0.49204182624816895
0.8772704601287842
0.9848101139068604
0.9725680351257324
0.7793209552764893
0.9828565120697021
0.7810499668121338
0.6860897541046143
0.8910224437713623
0.7796308994293213
0.7826001644134521
0.5793266296386719
0.7839603424072266
0.6842749118804932
0.884824275970459
1.0781619548797607
1.1666314601898193
0.9754090309143066
0.8770327568054199
0.6834621429443359
0.9792313575744629
0.8921897411346436
0.8857913017272949
0.7851719856262207
0.6846048831939697
0.7836532592773438
0.6791698932647705
0.6825523376464844
0.7839782238006592
0.8844726085662842
0.7762093544006348
0.8809545040130615
1.17930269241333
0.7871084213256836
0.8768742084503174
0.6910824775695801
0.7775726318359375
0.6823863983154297
0.8795680999755859
0.7846112251281738
0.785698652267456
0.8841993808746338
0.683337926864624
0.7811100482940674
0.8746049404144287
0.5877108573913574
0.7752590179443359
0.7850100994110107
0.8830292224884033
0.9828102588653564
0.8867580890655518
0.7782180309295654
0.874495267868042
0.5620121955871582
0.6004889011383057
0.9736125469207764
0.8774385452270508
0.7811446189880371
0.5899901390075684
0.7838931083679199
0.9751105308532715
0.6845095157623291
0.6916873455047607
0.779909610748291
0.7886912822723389
0.8782737255096436
0.7802643775939941
0.9802179336547852
0.582456111907959
0.7852563858032227
0.9829308986663818
0.9848847389221191
0.8856325149536133
0.7892904281616211
0.9776921272277832
0.9864199161529541
0.6838626861572266
0.8687889575958252
0.7931933403015137
0.6812372207641602
0.7777276039123535
0.7950901985168457
0.9752655029296875
0.8796169757843018
0.7834162712097168
0.7839157581329346
0.9788756370544434
0.6862027645111084
0.9870414733886719
0.8751616477966309
0.6851356029510498
0.9813625812530518
0.5806965827941895
0.8830959796905518
0.6834242343902588
1.0775678157806396
0.8837783336639404
0.5871615409851074
0.6874887943267822
0.9737763404846191
83.76952886581421
