0.7856297492980957
0.8181967735290527
0.8532822132110596
0.6759283542633057
0.7754404544830322
0.7806665897369385
0.8837249279022217
0.7848124504089355
0.9758157730102539
0.7810485363006592
0.6867165565490723
0.8767731189727783
0.7804474830627441
0.6783955097198486
0.8817157745361328
0.6847548484802246
0.9837017059326172
0.6886930465698242
0.8724257946014404
0.7936065196990967
0.673682689666748
0.8083372116088867
0.884608268737793
0.879906415939331
1.0839626789093018
0.6878688335418701
1.1530745029449463
0.9779882431030273
0.6774003505706787
1.0897626876831055
0.8802776336669922
0.7768447399139404
0.8844146728515625
0.7024612426757812
0.7923474311828613
0.7641761302947998
0.871934175491333
0.8741652965545654
0.6866748332977295
0.7777714729309082
0.6894848346710205
0.9762420654296875
0.8830122947692871
0.6834993362426758
0.7839875221252441
0.9985551834106445
0.8658802509307861
0.6808755397796631
0.8734705448150635
0.7864127159118652
0.6836986541748047
0.7822201251983643
0.6826026439666748
0.6908836364746094
0.8807311058044434
0.6694965362548828
0.5957791805267334
1.0812127590179443
0.8861854076385498
0.8804540634155273
0.6863322257995605
0.7817919254302979
0.6804308891296387
0.7837803363800049
0.7841277122497559
0.6790013313293457
0.8824970722198486
0.8819646835327148
1.0844595432281494
0.8849294185638428
0.882932186126709
0.6826307773590088
0.8739712238311768
0.8800547122955322
0.787074089050293
0.8804049491882324
0.8764641284942627
0.685211181640625
0.6902143955230713
0.775367021560669
0.7835052013397217
0.8763806819915771
0.584130048751831
0.7923839092254639
0.7745113372802734
0.7865712642669678
0.7781214714050293
0.6836140155792236
0.7797205448150635
0.8799443244934082
0.9748992919921875
0.6828768253326416
0.7875876426696777
0.687265157699585
0.7692968845367432
0.7909917831420898
0.881929874420166
0.7739038467407227
0.9713990688323975
0.9890594482421875
83.06277108192444
