0.6916959285736084
0.7826921939849854
1.0767638683319092
0.784970760345459
0.88728928565979
0.7790586948394775
0.8945634365081787
0.8735854625701904
0.8847975730895996
0.7800705432891846
0.7908382415771484
0.7836456298828125
0.8711087703704834
0.7842395305633545
0.9791028499603271
0.8868110179901123
0.778064489364624
0.8877394199371338
0.5793349742889404
0.7775909900665283
0.7763752937316895
0.5851056575775146
0.8766753673553467
0.8836374282836914
0.784886360168457
0.8803174495697021
0.7873327732086182
0.7715351581573486
0.6927518844604492
0.68656325340271
0.7789194583892822
0.8727438449859619
0.7806706428527832
0.7822258472442627
0.6856517791748047
0.87320876121521
0.7841567993164062
0.5909137725830078
0.9843189716339111
0.9842205047607422
0.7720181941986084
0.8854796886444092
0.8825891017913818
0.6866438388824463
0.6859407424926758
0.878040075302124
0.8724143505096436
0.7911190986633301
0.8790462017059326
0.885589599609375
0.676642656326294
0.8840768337249756
0.7839450836181641
0.8795030117034912
0.7759826183319092
0.6705443859100342
0.6903555393218994
0.8791444301605225
1.0709989070892334
0.8843762874603271
0.6939446926116943
0.778270959854126
0.9785935878753662
0.6873507499694824
0.6829624176025391
0.7715194225311279
0.7893579006195068
0.6786723136901855
0.5836606025695801
0.6893727779388428
0.5785837173461914
0.6752564907073975
0.6856582164764404
0.6773121356964111
0.7847182750701904
0.6850833892822266
0.7838263511657715
0.7857701778411865
0.9751830101013184
0.6896603107452393
0.8791255950927734
0.879133939743042
0.8765742778778076
0.7805283069610596
0.6926889419555664
0.6845614910125732
0.8805248737335205
0.9841270446777344
0.5729179382324219
0.5768203735351562
0.8747272491455078
0.8810877799987793
0.979975700378418
0.888599157333374
0.8789267539978027
0.4945402145385742
0.770965576171875
0.8817176818847656
0.7882139682769775
0.7873399257659912
81.38256669044495
