0.6961066722869873
0.7884914875030518
0.8721461296081543
0.7856783866882324
0.776702880859375
0.7788937091827393
0.8896102905273438
0.8769290447235107
0.5796217918395996
0.5867280960083008
0.7868678569793701
0.9837822914123535
0.7850430011749268
0.789954423904419
0.8764901161193848
0.8811888694763184
0.8769874572753906
0.7773230075836182
0.685051679611206
0.7781949043273926
0.8825092315673828
0.6806707382202148
0.9848332405090332
0.6818945407867432
0.7822141647338867
0.8826048374176025
0.677438497543335
0.981475830078125
0.686915397644043
0.6882331371307373
0.7809779644012451
0.680682897567749
0.7816455364227295
0.6894211769104004
0.6850287914276123
0.5891051292419434
0.6600444316864014
0.8770754337310791
0.9815828800201416
0.8752191066741943
0.7838530540466309
0.6827507019042969
0.8837366104125977
0.6815555095672607
0.9738242626190186
0.9735114574432373
0.49541592597961426
0.778430700302124
0.5815868377685547
0.7904081344604492
0.7625906467437744
0.784337043762207
0.7915127277374268
0.9767394065856934
0.8749582767486572
0.6832213401794434
0.6880271434783936
0.6771831512451172
0.6801519393920898
0.6883354187011719
0.6809806823730469
0.877981424331665
0.9864568710327148
0.8891561031341553
0.6725842952728271
0.9849798679351807
0.7832396030426025
0.7811124324798584
0.6865274906158447
0.877983570098877
0.8859586715698242
0.6867613792419434
0.684157133102417
0.6803297996520996
0.5877306461334229
0.872565746307373
0.598522424697876
0.6756467819213867
0.98225998878479
0.8822329044342041
0.8787310123443604
0.6790049076080322
0.8805584907531738
0.6804699897766113
1.0845839977264404
0.9855315685272217
0.5782408714294434
0.7865936756134033
0.5726852416992188
0.6840555667877197
0.8884389400482178
0.7784368991851807
1.0861496925354004
0.7797765731811523
0.6837043762207031
0.47835421562194824
0.6778533458709717
0.7853603363037109
0.6749072074890137
0.7834277153015137
79.66854977607727
