0.4974949359893799
0.8802187442779541
0.8831658363342285
0.7817978858947754
0.88271164894104
0.8782711029052734
0.790424108505249
0.6761291027069092
0.7829315662384033
0.7824203968048096
0.7785804271697998
0.8795666694641113
0.7874484062194824
0.8768820762634277
0.7875642776489258
0.8784987926483154
0.687936544418335
0.7852871417999268
0.7822389602661133
0.783341646194458
0.7767891883850098
0.8868186473846436
0.8771917819976807
0.8838610649108887
1.0761401653289795
0.6855685710906982
0.882298469543457
0.7821362018585205
0.7880628108978271
0.7818584442138672
0.6759247779846191
0.9848544597625732
0.6803271770477295
0.8763394355773926
0.88608717918396
0.6817965507507324
0.6834585666656494
0.6805558204650879
0.7881710529327393
0.8779675960540771
0.6830334663391113
0.8854858875274658
0.684025764465332
0.9910786151885986
0.7646076679229736
0.9878497123718262
0.8644156455993652
1.086899757385254
0.8805363178253174
0.7821321487426758
0.9717950820922852
0.6970527172088623
0.9756250381469727
0.7683377265930176
0.7981107234954834
0.8849320411682129
0.9834401607513428
0.6641063690185547
0.7932953834533691
0.6746921539306641
0.8807492256164551
0.9783642292022705
0.6842777729034424
0.7830896377563477
0.978813886642456
0.6796054840087891
0.688091516494751
0.8799538612365723
0.8814945220947266
0.6675195693969727
0.78328537940979
0.8739800453186035
0.8867959976196289
0.6843693256378174
0.778465986251831
0.7790307998657227
0.7869653701782227
0.8024966716766357
0.9593093395233154
0.8752787113189697
0.7828691005706787
0.788884162902832
0.5779917240142822
0.6535186767578125
0.6834967136383057
0.6903390884399414
0.9746568202972412
0.5866632461547852
0.7821719646453857
0.9813532829284668
0.7772171497344971
0.8878178596496582
0.8763978481292725
0.9169433116912842
0.7907233238220215
0.8799610137939453
0.7867398262023926
0.9763519763946533
0.7833058834075928
0.9832639694213867
83.27519178390503
