0.6139833927154541
0.474306583404541
0.7783422470092773
0.8874435424804688
0.8760244846343994
0.8847157955169678
0.7904105186462402
0.9746246337890625
0.781531572341919
0.7862212657928467
0.8773221969604492
0.782517671585083
0.679485559463501
0.7865018844604492
0.9743361473083496
0.8607287406921387
0.7907721996307373
0.8813068866729736
0.8828318119049072
0.8800985813140869
0.6855447292327881
0.6918094158172607
0.6864547729492188
0.7856991291046143
0.9756381511688232
0.7771685123443604
0.6862297058105469
0.6817030906677246
0.5841019153594971
0.7824158668518066
0.8830478191375732
0.7841730117797852
0.7775015830993652
0.6841487884521484
0.7882122993469238
0.7791905403137207
0.7805840969085693
0.8821220397949219
0.784132719039917
0.880995512008667
0.7799835205078125
0.8786227703094482
0.6874394416809082
0.8824813365936279
0.774348258972168
0.8811259269714355
0.793860912322998
0.6821191310882568
0.5921635627746582
0.6788830757141113
0.8604567050933838
0.9824652671813965
0.9869751930236816
0.571699857711792
0.7896420955657959
0.7687528133392334
0.6862592697143555
0.6816966533660889
0.8773870468139648
0.6872339248657227
0.7802460193634033
0.7854483127593994
0.7019627094268799
0.778418779373169
0.7873342037200928
0.7869207859039307
0.7805132865905762
0.8772628307342529
0.7815325260162354
0.7839815616607666
0.7786350250244141
0.6846110820770264
0.9681797027587891
0.977449893951416
1.0719780921936035
0.8857202529907227
0.884958028793335
0.7796030044555664
0.6814455986022949
0.8833720684051514
0.6794471740722656
0.7778120040893555
0.7805116176605225
0.985504150390625
0.8781275749206543
0.6760857105255127
0.6784098148345947
0.8865272998809814
0.7875049114227295
0.7802245616912842
0.771934986114502
0.6863799095153809
0.7874207496643066
1.177220106124878
0.5872471332550049
0.68524169921875
0.7813162803649902
0.6833484172821045
1.0802371501922607
0.7798852920532227
81.38654136657715
