0.46912240982055664
0.6894655227661133
0.7848935127258301
1.081085443496704
0.8722701072692871
0.6861839294433594
0.7846653461456299
0.8820011615753174
0.5851726531982422
0.8828794956207275
0.878795862197876
0.87742018699646
0.7874398231506348
1.1766870021820068
0.585411787033081
0.6874229907989502
0.8843865394592285
0.974005937576294
0.6847476959228516
0.6796410083770752
0.8764760494232178
0.7821507453918457
0.7822904586791992
0.6834824085235596
0.7865390777587891
0.7872507572174072
0.7659871578216553
0.6854102611541748
0.7772729396820068
0.7830526828765869
0.6806826591491699
0.7747249603271484
0.5861139297485352
0.780005693435669
0.5851297378540039
0.8786430358886719
0.7809634208679199
0.7962675094604492
0.7682135105133057
0.8827016353607178
0.6857297420501709
0.7791554927825928
0.9884965419769287
0.6811981201171875
0.8817262649536133
0.8734266757965088
0.9865386486053467
0.8828961849212646
0.6855621337890625
0.6913411617279053
0.9644992351531982
0.7785511016845703
0.7859234809875488
0.882066011428833
0.6877748966217041
0.876467227935791
0.7863397598266602
0.7906074523925781
0.789191722869873
0.781491756439209
0.7825963497161865
0.9779214859008789
0.6871602535247803
0.869267463684082
0.8806519508361816
0.7812290191650391
0.6783151626586914
0.7905852794647217
0.8725399971008301
0.682478666305542
0.6864736080169678
0.8854663372039795
1.0776572227478027
0.6809358596801758
0.881502628326416
0.7850823402404785
0.676673173904419
0.7787783145904541
0.6830511093139648
0.9822051525115967
0.681612491607666
0.5891809463500977
0.6664872169494629
0.5889830589294434
0.8834235668182373
0.6832001209259033
0.6772167682647705
0.6835341453552246
0.8811686038970947
0.6869442462921143
0.8778848648071289
0.9674501419067383
0.6956112384796143
0.7838983535766602
0.8812787532806396
0.8798625469207764
0.48570680618286133
0.7786440849304199
0.7821102142333984
0.8792035579681396
80.47309279441833
