0.9738459587097168
0.7870895862579346
0.7014613151550293
0.6847636699676514
0.8790676593780518
0.9799966812133789
0.5887985229492188
0.8857088088989258
0.9778294563293457
0.8725836277008057
0.8787975311279297
0.8852124214172363
0.7894339561462402
0.7732377052307129
0.9782857894897461
0.7808837890625
0.7816464900970459
0.7785179615020752
0.8879759311676025
0.8807942867279053
0.8738911151885986
0.9756009578704834
0.6778116226196289
0.590496301651001
0.587411642074585
0.9806604385375977
0.679152250289917
0.7844564914703369
1.0744426250457764
0.5802319049835205
0.6866650581359863
0.690927267074585
0.8814656734466553
0.8812670707702637
1.065833330154419
0.7880940437316895
0.6817872524261475
0.7807679176330566
0.8794054985046387
0.8834564685821533
0.687056303024292
0.9722578525543213
0.7895891666412354
0.8853721618652344
0.6841335296630859
0.9839069843292236
0.9881985187530518
0.777660608291626
0.7781734466552734
0.776484489440918
0.8845288753509521
0.8839666843414307
0.7809262275695801
0.7788188457489014
0.8839375972747803
0.6817638874053955
0.7926740646362305
0.7763791084289551
0.9655075073242188
0.6885011196136475
0.973067045211792
0.7861413955688477
0.68849778175354
0.6864545345306396
0.7724981307983398
0.7783164978027344
0.8835604190826416
0.7914800643920898
0.7889680862426758
0.8706767559051514
0.6886284351348877
0.8816695213317871
0.687004566192627
0.6774463653564453
0.9781656265258789
0.7842240333557129
0.8782792091369629
0.8826115131378174
0.7809453010559082
0.8826148509979248
0.8702490329742432
0.7818286418914795
0.8849911689758301
0.9801807403564453
0.7823953628540039
0.7786595821380615
0.7836244106292725
0.7898457050323486
0.6873903274536133
0.8819847106933594
0.7789556980133057
0.7837300300598145
0.7761538028717041
0.7801930904388428
0.9875915050506592
0.5818939208984375
0.699312686920166
0.7737491130828857
0.9746048450469971
0.7777009010314941
83.38739657402039
