0.6238846778869629
0.685401439666748
0.6860058307647705
0.7866671085357666
0.6814751625061035
0.8850362300872803
0.9795176982879639
0.8804137706756592
0.7805213928222656
0.6869266033172607
0.5867044925689697
0.673161506652832
0.8834822177886963
0.6982035636901855
1.0765290260314941
0.7652018070220947
0.6878304481506348
0.6874909400939941
0.6951556205749512
0.6694386005401611
0.881854772567749
0.8797776699066162
0.6913542747497559
0.7849504947662354
0.8817362785339355
0.6659443378448486
0.9804928302764893
0.7885448932647705
0.680767297744751
0.7833878993988037
0.7758743762969971
0.8861029148101807
0.68117356300354
0.5884244441986084
0.9838006496429443
0.7792761325836182
0.8804552555084229
0.8669145107269287
0.5852715969085693
0.880603551864624
0.8820304870605469
0.787118673324585
0.8690478801727295
0.7836601734161377
0.8785910606384277
0.4033031463623047
0.8779377937316895
0.7867164611816406
0.786369800567627
0.7823050022125244
0.8812739849090576
0.7862205505371094
1.0583291053771973
0.6962292194366455
0.8438258171081543
0.8751227855682373
0.7886800765991211
0.5836317539215088
0.8773317337036133
0.6760635375976562
0.8750479221343994
0.6790552139282227
0.9771747589111328
0.7842140197753906
0.8731088638305664
0.6887545585632324
0.7697052955627441
0.5805943012237549
0.7837848663330078
0.6850016117095947
0.7778921127319336
0.6822757720947266
0.8805084228515625
0.6776599884033203
0.9770584106445312
0.7826282978057861
0.8740038871765137
0.7814948558807373
0.9795522689819336
0.6861464977264404
0.7840170860290527
0.6805558204650879
0.8834452629089355
0.7835302352905273
0.7793149948120117
0.8740077018737793
0.6933376789093018
0.8749353885650635
0.7764685153961182
0.8746378421783447
0.7822272777557373
0.6790940761566162
0.598822832107544
0.7841908931732178
0.884972333908081
0.6856849193572998
0.6726870536804199
0.49045372009277344
0.6508786678314209
0.7812163829803467
79.95140814781189
