0.8802204132080078
0.7802293300628662
0.6816728115081787
0.6787693500518799
0.7773513793945312
0.6806704998016357
0.8795006275177002
0.6814744472503662
0.7790765762329102
0.7811665534973145
0.7804126739501953
0.7818758487701416
0.5857596397399902
0.7795705795288086
0.8891654014587402
0.9648497104644775
0.8827171325683594
0.8782942295074463
0.9783422946929932
0.6920409202575684
0.5824966430664062
0.5887057781219482
0.8858504295349121
0.6783361434936523
0.5866165161132812
0.7843139171600342
0.9831345081329346
0.7877154350280762
0.8862323760986328
0.9709429740905762
0.7879722118377686
0.7871479988098145
0.8823363780975342
0.5820102691650391
0.7867069244384766
0.7909126281738281
0.8720052242279053
0.6851377487182617
0.775806188583374
0.782289981842041
0.878220796585083
0.779170036315918
0.5849616527557373
0.6852512359619141
0.7811980247497559
0.6979455947875977
0.586040735244751
0.6838150024414062
0.4796898365020752
0.6805167198181152
0.785489559173584
0.8832709789276123
0.7742624282836914
0.877587080001831
0.7874209880828857
0.7745013236999512
0.588608980178833
0.8821382522583008
0.6764140129089355
0.8810465335845947
0.7739138603210449
0.9759788513183594
0.5843558311462402
0.6797008514404297
0.8588616847991943
0.6848716735839844
0.978801965713501
0.6876261234283447
0.6812827587127686
0.5865075588226318
0.6830213069915771
0.8758127689361572
0.676551342010498
0.7813284397125244
0.6875417232513428
0.7821013927459717
0.6718776226043701
0.7790179252624512
0.8797092437744141
0.7776131629943848
0.7740921974182129
0.5837182998657227
0.6866004467010498
0.8867583274841309
0.484905481338501
0.5827865600585938
0.8803210258483887
0.6828405857086182
0.6820881366729736
0.8765110969543457
0.9763665199279785
0.9796116352081299
0.7808401584625244
0.8792855739593506
0.7843108177185059
0.7838623523712158
0.7039380073547363
0.5890834331512451
0.7810990810394287
0.7793397903442383
78.16965913772583
