0.7907273769378662
0.976614236831665
0.6822338104248047
0.6897401809692383
0.8837084770202637
0.6859784126281738
0.8872635364532471
0.6806390285491943
0.7872648239135742
0.6892175674438477
0.5721888542175293
0.8882367610931396
0.7862098217010498
0.48926568031311035
0.5965471267700195
0.8857247829437256
0.7839722633361816
0.8790159225463867
0.781994104385376
0.8778436183929443
0.7723488807678223
0.7805228233337402
0.8731882572174072
0.6943144798278809
0.7850301265716553
0.7664175033569336
0.5924789905548096
0.6876735687255859
0.9836881160736084
0.9793863296508789
0.8790111541748047
0.6830945014953613
0.8690826892852783
0.8806679248809814
0.6767685413360596
0.8034963607788086
0.7803046703338623
0.7728550434112549
0.7520947456359863
0.5782504081726074
0.6830620765686035
0.6817209720611572
0.7827959060668945
0.8817911148071289
0.6628336906433105
0.6841471195220947
0.9830448627471924
0.587526798248291
0.783865213394165
0.8769125938415527
0.7852637767791748
0.8774890899658203
0.8813705444335938
0.9808382987976074
0.7883603572845459
0.8818554878234863
0.910494327545166
0.5831818580627441
0.8853719234466553
0.6841495037078857
0.7858381271362305
0.5872485637664795
0.7812783718109131
0.9781429767608643
0.8828120231628418
0.8761985301971436
0.9688704013824463
0.7820432186126709
0.6843206882476807
0.7909951210021973
0.8826744556427002
0.6781215667724609
0.7880458831787109
0.9698085784912109
0.8765218257904053
0.694507360458374
0.8516848087310791
0.5804920196533203
0.9888906478881836
0.786003589630127
0.8802890777587891
0.5815937519073486
0.8771817684173584
0.8676884174346924
0.7857913970947266
0.7870669364929199
0.677072286605835
0.7797603607177734
0.6836414337158203
0.8756799697875977
0.7849678993225098
0.5867087841033936
0.784963846206665
0.881112813949585
0.8782205581665039
0.8788444995880127
0.7863233089447021
0.9754378795623779
0.8749802112579346
0.7823312282562256
80.87132120132446
