0.5948817729949951
0.7804534435272217
0.879702091217041
0.7885720729827881
0.7711427211761475
0.7853755950927734
0.8790931701660156
0.7905428409576416
0.6928451061248779
0.7803301811218262
0.8801624774932861
0.7845015525817871
0.8759849071502686
0.6834700107574463
0.6831891536712646
0.6835083961486816
0.8740298748016357
0.7828209400177002
0.6850223541259766
0.901724100112915
0.7884931564331055
0.6945381164550781
0.6832275390625
0.6820724010467529
0.7778370380401611
1.0738296508789062
0.8778176307678223
0.7817857265472412
0.7827107906341553
0.7765088081359863
0.8762402534484863
0.8815677165985107
0.6810808181762695
0.7828018665313721
0.8555417060852051
0.789567232131958
0.8822886943817139
0.8801102638244629
0.7821149826049805
0.7804441452026367
0.7816438674926758
0.8824825286865234
0.883277177810669
0.7840402126312256
0.8777556419372559
0.9774878025054932
0.7931945323944092
0.8795933723449707
0.7771186828613281
0.8848481178283691
0.7881147861480713
0.7860903739929199
0.8804357051849365
0.9890007972717285
0.68495774269104
0.7573220729827881
0.6797335147857666
0.7802975177764893
0.6773397922515869
0.8322896957397461
0.6834235191345215
0.7926936149597168
0.9832072257995605
0.7761068344116211
0.6855387687683105
0.788987398147583
0.9774823188781738
0.6890432834625244
0.7787561416625977
0.876945972442627
0.7891771793365479
0.6858129501342773
0.8811416625976562
0.6816363334655762
0.8173730373382568
0.6875197887420654
0.8826210498809814
0.883857011795044
0.6885643005371094
0.6947753429412842
0.5770399570465088
0.9707767963409424
0.9697675704956055
0.6790692806243896
0.8770015239715576
0.7753543853759766
0.7897140979766846
0.9760699272155762
0.586458683013916
0.7780592441558838
0.9753890037536621
0.8724305629730225
0.874645471572876
0.6798262596130371
0.688988447189331
0.6794707775115967
0.8773341178894043
0.6877057552337646
0.7854349613189697
0.7830705642700195
81.58093690872192
