0.8732690811157227
0.6088967323303223
0.6828184127807617
0.7841367721557617
0.5912730693817139
0.8835794925689697
0.7824902534484863
0.8838348388671875
0.8792767524719238
0.7867004871368408
0.5809764862060547
0.7853858470916748
0.8823144435882568
0.7846517562866211
0.7914223670959473
0.8780994415283203
0.777820348739624
0.6788699626922607
0.881192684173584
0.7869532108306885
0.6908831596374512
0.7838582992553711
0.5869138240814209
0.6839280128479004
0.7816565036773682
0.6750483512878418
0.7735674381256104
0.773184061050415
0.8817415237426758
0.684661865234375
0.681617259979248
0.5880529880523682
0.979804277420044
0.7812135219573975
0.7871706485748291
0.8766469955444336
0.6809890270233154
0.8843100070953369
0.8824930191040039
0.6864159107208252
0.692753791809082
0.7800240516662598
0.8698248863220215
0.8825314044952393
0.8812417984008789
0.6808638572692871
0.6858904361724854
0.8855483531951904
0.7755045890808105
0.7928950786590576
0.6859283447265625
0.7829468250274658
0.8808808326721191
0.7859833240509033
1.0854756832122803
0.8851950168609619
0.784074068069458
0.7822732925415039
0.9633142948150635
0.9774065017700195
0.8786282539367676
0.7850611209869385
0.8850460052490234
0.6871144771575928
0.681236982345581
1.0798656940460205
0.5886774063110352
0.6828970909118652
0.8752851486206055
0.7839007377624512
0.7803764343261719
0.9732310771942139
0.5842928886413574
0.6858456134796143
0.6846146583557129
0.9850602149963379
1.0764949321746826
0.6729264259338379
0.880028247833252
0.7813887596130371
0.7952854633331299
0.8795242309570312
0.9705824851989746
0.869410514831543
0.6876046657562256
0.7805132865905762
0.7815711498260498
1.0747625827789307
0.783221960067749
0.8828318119049072
0.8760092258453369
0.6744394302368164
0.8772313594818115
0.5962367057800293
0.5873942375183105
0.8789150714874268
0.7765495777130127
0.8886566162109375
0.7818922996520996
0.7870421409606934
81.41519546508789
