0.8771970272064209
0.8696615695953369
0.787860631942749
0.6871628761291504
0.8781335353851318
0.8825638294219971
0.78475022315979
0.7829537391662598
0.8771405220031738
0.5827653408050537
0.7822811603546143
0.6827738285064697
0.7811434268951416
0.6789379119873047
0.6892821788787842
0.6827225685119629
0.9781067371368408
0.5850324630737305
0.8874697685241699
0.681809663772583
0.8691234588623047
0.6849219799041748
0.8791708946228027
0.5906522274017334
0.9866628646850586
0.8750007152557373
0.8849318027496338
0.9797830581665039
0.5873019695281982
0.7833518981933594
0.6850268840789795
0.5811023712158203
0.587989330291748
0.595585823059082
0.6816434860229492
0.7640030384063721
0.8713719844818115
0.6840534210205078
0.7805542945861816
0.8808112144470215
0.6770999431610107
0.6898918151855469
0.9785373210906982
0.8804311752319336
0.7850298881530762
0.8813133239746094
0.9779987335205078
0.879509449005127
0.776085376739502
0.7848780155181885
0.6881814002990723
0.787909984588623
0.7913222312927246
0.8829455375671387
0.5861325263977051
0.8820137977600098
0.8824198246002197
0.7824208736419678
0.7722258567810059
0.8846008777618408
0.6887297630310059
0.7846701145172119
0.7792177200317383
0.8820605278015137
0.7791314125061035
0.6814548969268799
0.7870197296142578
0.7764177322387695
0.8786933422088623
0.8841180801391602
0.8744354248046875
0.9759628772735596
0.8808207511901855
0.785799503326416
0.8819398880004883
0.9695000648498535
0.7801854610443115
0.7776165008544922
0.9758620262145996
0.6862373352050781
0.7793827056884766
0.9799139499664307
0.7810671329498291
0.5688393115997314
0.7764265537261963
0.7784266471862793
0.7782599925994873
0.7826297283172607
0.5925068855285645
0.7877457141876221
0.6905412673950195
0.6948533058166504
0.7819688320159912
0.7806923389434814
0.6789522171020508
0.6888267993927002
0.8823115825653076
0.774451494216919
0.7835168838500977
0.7797229290008545
80.47181296348572
