0.6790978908538818
0.5869314670562744
0.8828661441802979
0.7803993225097656
0.977677583694458
0.8783352375030518
0.78466796875
0.9839246273040771
0.9845790863037109
0.8813741207122803
0.7826437950134277
0.8795731067657471
0.786884069442749
0.9777390956878662
0.8724493980407715
0.592024564743042
0.9755287170410156
0.7773003578186035
1.0724315643310547
0.8842756748199463
0.8789932727813721
0.6892321109771729
0.777031660079956
0.8814873695373535
0.6799259185791016
0.5058894157409668
0.6850321292877197
0.7806553840637207
0.7826430797576904
0.8849005699157715
0.5885655879974365
0.78617262840271
0.5849349498748779
0.7843532562255859
0.5872547626495361
0.7837522029876709
0.5847823619842529
0.8793795108795166
0.7806715965270996
0.7769646644592285
0.88295578956604
0.8790817260742188
0.7836287021636963
0.6816179752349854
0.7861571311950684
0.973351001739502
0.7797524929046631
0.7841441631317139
0.49473047256469727
0.8782289028167725
0.5814666748046875
0.9701292514801025
0.68009352684021
0.7797563076019287
0.7772510051727295
0.7831768989562988
0.7716825008392334
0.7748198509216309
0.9795444011688232
0.6944870948791504
0.8863613605499268
0.880871057510376
0.6846389770507812
0.8838980197906494
0.7947595119476318
1.0803978443145752
0.8788630962371826
0.8801443576812744
0.5853846073150635
0.776848316192627
0.5788776874542236
0.8778793811798096
0.6839067935943604
0.7743782997131348
0.8795289993286133
0.677804708480835
0.6866085529327393
0.5906469821929932
0.7803256511688232
0.594078779220581
0.8895232677459717
0.6859867572784424
0.7800655364990234
0.6847844123840332
0.8853020668029785
0.7866761684417725
0.7853217124938965
0.7844805717468262
0.8814451694488525
0.6844720840454102
0.7831099033355713
0.8736114501953125
0.6857955455780029
0.5791053771972656
0.7849044799804688
0.6863036155700684
0.9726977348327637
0.6886031627655029
0.779865026473999
0.8563437461853027
80.47216773033142
