0.8859920501708984
0.7856640815734863
0.7897179126739502
0.7764401435852051
0.6658732891082764
0.8767440319061279
0.6790525913238525
0.7854194641113281
0.7788734436035156
0.7854795455932617
0.5904512405395508
0.5831222534179688
0.5734093189239502
0.6953780651092529
0.5788912773132324
0.849085807800293
0.8783936500549316
0.4753565788269043
0.674797534942627
0.8793509006500244
0.6920645236968994
0.7797212600708008
0.7798967361450195
0.8780109882354736
0.7178890705108643
0.7754166126251221
0.7815797328948975
0.6797068119049072
0.6845488548278809
0.6743388175964355
0.7789831161499023
0.8711957931518555
0.8753242492675781
0.5796306133270264
0.7794923782348633
0.8739256858825684
0.878098726272583
0.8760545253753662
0.7809622287750244
0.8741135597229004
0.7811107635498047
0.575685977935791
0.7831485271453857
0.5816080570220947
0.6854655742645264
0.6887059211730957
0.7789092063903809
0.7831735610961914
0.868272066116333
0.7834262847900391
0.9739139080047607
0.8803832530975342
0.8864789009094238
0.7846848964691162
0.6721761226654053
0.8808071613311768
0.884197473526001
0.9856448173522949
0.8867547512054443
0.8824715614318848
0.7873759269714355
0.7969541549682617
0.6947345733642578
0.6875572204589844
0.7838306427001953
0.7800381183624268
0.6839814186096191
0.884861946105957
0.7841651439666748
0.9759926795959473
0.5852618217468262
0.5853796005249023
0.7806293964385986
0.9739465713500977
0.779411792755127
0.9749102592468262
0.7781834602355957
0.6856522560119629
0.7805938720703125
0.6826186180114746
0.7845170497894287
0.68332839012146
0.680912971496582
0.6929402351379395
0.9858949184417725
0.875967264175415
0.689507007598877
0.785759687423706
0.8855471611022949
0.5857408046722412
0.5843536853790283
0.7836744785308838
0.6868534088134766
0.7824394702911377
0.786712646484375
1.069096326828003
0.7733316421508789
0.578904390335083
0.8753128051757812
0.8890411853790283
79.07415199279785
