0.8837954998016357
0.7861759662628174
0.49262166023254395
0.8823378086090088
0.588529109954834
0.679485559463501
0.5784006118774414
0.5888938903808594
0.6856021881103516
0.6861491203308105
0.683279275894165
0.7738425731658936
0.786308765411377
0.8859498500823975
0.7866878509521484
0.9764847755432129
0.7868623733520508
0.9752483367919922
0.8799407482147217
0.7807598114013672
0.8739714622497559
0.7765929698944092
0.6721067428588867
0.785933256149292
0.6848757266998291
0.6813230514526367
0.7806663513183594
0.879291296005249
0.6785228252410889
0.7816691398620605
0.7801680564880371
0.8839123249053955
0.67171311378479
0.8826751708984375
0.7860267162322998
0.7651288509368896
0.98525071144104
0.8813633918762207
0.8803761005401611
0.6894886493682861
0.7787525653839111
0.8797104358673096
0.7826046943664551
0.782473087310791
0.8836064338684082
0.7805919647216797
0.8823795318603516
0.6889281272888184
0.8808572292327881
0.6887023448944092
0.783820390701294
0.7893610000610352
0.6779561042785645
0.7815697193145752
0.5905506610870361
0.8756108283996582
0.7837276458740234
0.8768889904022217
0.5848977565765381
0.5827493667602539
0.9672825336456299
0.6768052577972412
0.8811254501342773
0.789222002029419
0.7793920040130615
0.6808404922485352
0.8741834163665771
0.8817768096923828
0.6808559894561768
0.7785468101501465
0.7729661464691162
0.8773527145385742
0.7913210391998291
0.6811122894287109
0.7823283672332764
0.7823002338409424
0.9752461910247803
0.6880497932434082
0.7843732833862305
0.7847099304199219
0.8812978267669678
0.7803988456726074
0.7784514427185059
0.7871885299682617
0.6820616722106934
0.8851048946380615
0.5890870094299316
0.6874451637268066
0.7865428924560547
0.7842702865600586
0.972059965133667
0.6954376697540283
0.8798630237579346
0.8815310001373291
0.8786616325378418
0.7778372764587402
0.9718165397644043
0.6812422275543213
0.8782942295074463
0.974923849105835
80.36673974990845
