0.8797256946563721
0.7845885753631592
0.7805609703063965
0.6786713600158691
0.7835400104522705
0.7806119918823242
0.6864428520202637
0.9753377437591553
0.6820800304412842
0.6835284233093262
0.7960331439971924
0.7786171436309814
0.7790470123291016
0.8833494186401367
0.8738727569580078
0.7783143520355225
0.7821085453033447
0.8855931758880615
0.6819093227386475
0.8770742416381836
0.6865015029907227
0.9717056751251221
0.782778263092041
0.884197473526001
0.792229175567627
0.7765004634857178
0.684964656829834
0.6832435131072998
0.8831522464752197
0.6869349479675293
0.8783833980560303
0.5715572834014893
0.693166971206665
0.7776834964752197
0.7881126403808594
0.5908749103546143
0.8798904418945312
0.7873356342315674
0.6803023815155029
0.8891844749450684
0.8808317184448242
0.8804912567138672
0.8893158435821533
0.9815061092376709
0.8856055736541748
0.7868156433105469
0.7781980037689209
0.8820970058441162
0.877251148223877
0.8753805160522461
0.9767429828643799
0.6883952617645264
0.9816269874572754
0.6803288459777832
0.7805070877075195
0.7826600074768066
0.7854607105255127
0.7874476909637451
0.680325984954834
0.9909787178039551
0.7813594341278076
0.7808332443237305
0.7887921333312988
0.8856019973754883
0.9805424213409424
0.7993435859680176
0.780674934387207
0.5828297138214111
0.7837722301483154
0.9780099391937256
0.8849451541900635
0.883796215057373
0.8769421577453613
0.8811018466949463
0.8612418174743652
0.7815499305725098
0.5805041790008545
0.6774017810821533
0.8844008445739746
0.6719372272491455
0.8782904148101807
0.6773562431335449
0.8810412883758545
0.7844362258911133
0.7803652286529541
0.779261589050293
0.8822557926177979
0.6874439716339111
0.8776252269744873
0.7811770439147949
0.6807045936584473
0.8771014213562012
0.5594170093536377
0.6822872161865234
0.7872228622436523
0.6812136173248291
0.6862733364105225
0.8781349658966064
0.5864160060882568
0.5819990634918213
81.0648500919342
