0.3717927932739258
0.728463888168335
0.7119700908660889
0.7501506805419922
0.705859899520874
0.9170844554901123
0.6325092315673828
0.6162333488464355
0.8256733417510986
0.6137328147888184
0.6263301372528076
0.5222270488739014
0.7399141788482666
0.897575855255127
0.6147472858428955
0.7352848052978516
0.7275848388671875
0.6225128173828125
0.47535085678100586
1.091158390045166
0.8315532207489014
0.6705281734466553
0.6206831932067871
0.731550931930542
0.5301463603973389
0.7156655788421631
0.6280696392059326
0.8150413036346436
0.7247581481933594
0.5282571315765381
0.7179610729217529
0.8271219730377197
0.7192676067352295
0.5335774421691895
0.8117871284484863
0.5259032249450684
0.7268898487091064
0.6197419166564941
0.7190265655517578
0.6778969764709473
0.5979611873626709
0.7250082492828369
0.721426248550415
0.4257538318634033
0.5229840278625488
0.9111042022705078
0.4203457832336426
0.6682322025299072
0.8298966884613037
0.6175880432128906
0.7350809574127197
0.6202511787414551
0.8080108165740967
0.624598503112793
0.6286089420318604
0.6364221572875977
0.9124736785888672
0.6833641529083252
0.6264243125915527
0.728196382522583
0.6255042552947998
0.816429615020752
0.5274553298950195
0.7270123958587646
0.5304648876190186
0.6162457466125488
0.6313931941986084
0.9042425155639648
0.930401086807251
0.8710706233978271
0.6301329135894775
0.6157569885253906
0.6200926303863525
0.6100127696990967
0.7282240390777588
0.622704029083252
0.7217836380004883
0.7222099304199219
0.7198047637939453
0.6260647773742676
0.876126766204834
0.6300110816955566
0.7855913639068604
0.6226983070373535
0.7182326316833496
0.6802966594696045
0.7316789627075195
0.727278470993042
0.5001895427703857
0.5203659534454346
0.6285650730133057
0.6247787475585938
0.7280902862548828
0.6764967441558838
0.8271517753601074
0.6886031627655029
0.6294658184051514
0.6248524188995361
0.9224793910980225
0.6236114501953125
76.8799467086792
