0.4887852668762207
0.7224717140197754
0.7202866077423096
0.8138341903686523
0.7216792106628418
0.7306854724884033
0.6215455532073975
0.6163878440856934
0.7238442897796631
0.6167190074920654
0.7351255416870117
0.5930483341217041
0.6205241680145264
0.5250625610351562
0.6243679523468018
0.6348402500152588
0.8146853446960449
0.5732271671295166
0.7088332176208496
0.637484073638916
0.7236309051513672
0.6156892776489258
0.8252289295196533
0.7162673473358154
0.6309537887573242
0.8192744255065918
0.5242445468902588
0.6170108318328857
0.6869676113128662
0.7664153575897217
0.7259500026702881
0.7358846664428711
0.7255680561065674
0.7255344390869141
0.8255846500396729
0.535538911819458
0.6158125400543213
1.0091986656188965
0.5341229438781738
0.5950791835784912
0.6994030475616455
0.7092974185943604
0.6150329113006592
0.48886799812316895
0.4287071228027344
0.5930516719818115
0.5246591567993164
0.5246658325195312
0.5137238502502441
0.7223823070526123
0.8322775363922119
0.758389949798584
0.5297064781188965
0.7212588787078857
0.6277616024017334
0.7843782901763916
0.583439826965332
0.6255373954772949
0.721137285232544
0.6275873184204102
0.8172149658203125
0.7168154716491699
0.6200745105743408
0.7213783264160156
0.6191349029541016
0.6923134326934814
0.627852201461792
0.5958981513977051
0.8151860237121582
0.634432315826416
0.7093508243560791
0.6263186931610107
0.6300244331359863
0.8236737251281738
0.6198980808258057
0.7240347862243652
0.47489047050476074
0.8084766864776611
0.5293967723846436
0.7224428653717041
0.6128237247467041
0.7104082107543945
0.61338210105896
0.7232592105865479
0.7127273082733154
0.7205886840820312
0.5402460098266602
0.7740352153778076
0.7076690196990967
0.8001904487609863
0.4400458335876465
0.8221549987792969
0.6897697448730469
0.6300837993621826
0.8172464370727539
0.8238673210144043
0.43741297721862793
0.7147712707519531
0.5255191326141357
0.9223432540893555
75.47227025032043
