0.502659797668457
0.7165834903717041
0.6709437370300293
0.8193981647491455
0.5231137275695801
0.5090458393096924
0.5909543037414551
0.4337046146392822
0.7138681411743164
0.5814757347106934
0.5191421508789062
0.9323632717132568
0.7149412631988525
0.7818379402160645
0.5227231979370117
0.7149753570556641
0.6296195983886719
0.8233485221862793
0.716193675994873
0.7273819446563721
0.7166805267333984
0.6243331432342529
0.5837457180023193
0.813422679901123
0.7301392555236816
0.6133577823638916
0.7194068431854248
0.6243088245391846
0.6215493679046631
0.9093039035797119
0.7208259105682373
0.6187314987182617
0.5720858573913574
0.7286341190338135
0.8149974346160889
0.6233866214752197
0.8885393142700195
0.5273370742797852
0.6788687705993652
0.7269678115844727
0.7136788368225098
0.7278895378112793
0.7253804206848145
0.9130594730377197
0.6158289909362793
0.7281355857849121
0.8143172264099121
0.6246631145477295
0.720181941986084
0.7201099395751953
0.6128087043762207
0.5277519226074219
0.5813593864440918
0.609611988067627
0.7333686351776123
0.7287716865539551
0.6146810054779053
0.684044599533081
0.616457462310791
0.6260111331939697
0.6341314315795898
0.6507127285003662
0.7287328243255615
0.721508264541626
0.5176787376403809
0.5428807735443115
0.853830099105835
0.6035079956054688
0.8147344589233398
0.687272310256958
0.5787389278411865
0.8271739482879639
0.7206034660339355
0.8146495819091797
0.7264885902404785
0.6172013282775879
0.6153156757354736
0.7995171546936035
0.5224323272705078
0.6323895454406738
0.7163407802581787
0.5771956443786621
0.5185675621032715
0.860797643661499
0.5178954601287842
0.7213819026947021
0.7148387432098389
0.6261551380157471
0.7159879207611084
0.5218923091888428
0.7263867855072021
0.6193275451660156
0.8294429779052734
0.7203660011291504
0.5789885520935059
0.638648271560669
0.6148931980133057
0.5266592502593994
0.9176805019378662
0.6163849830627441
76.08421301841736
