0.49924159049987793
0.8192691802978516
0.46980714797973633
0.9204559326171875
0.815824031829834
0.6184086799621582
0.8282566070556641
0.7252795696258545
0.6879055500030518
0.8233003616333008
0.569279670715332
0.721956729888916
0.72934889793396
0.7263264656066895
0.7146477699279785
0.7282931804656982
0.7264747619628906
0.5190601348876953
0.6255669593811035
0.8260424137115479
0.7240478992462158
0.7244949340820312
0.9214358329772949
0.8302547931671143
0.8176150321960449
0.7000954151153564
0.7149450778961182
0.5998711585998535
0.906944751739502
0.5973291397094727
0.5303440093994141
0.8100361824035645
0.7736773490905762
0.7287938594818115
0.6174254417419434
0.8192486763000488
0.7268280982971191
0.8253777027130127
0.6880166530609131
0.8221573829650879
0.5316250324249268
0.5667328834533691
0.6714456081390381
0.6857187747955322
0.7229580879211426
0.636160135269165
0.7106812000274658
0.5295231342315674
0.5643224716186523
0.8125805854797363
0.6192612648010254
0.7153143882751465
0.6273653507232666
0.5236842632293701
0.817617654800415
0.6301779747009277
0.8351893424987793
0.8191812038421631
0.8178784847259521
0.6243748664855957
0.8915066719055176
0.5319516658782959
0.7714986801147461
0.633394718170166
0.5306789875030518
0.6709318161010742
0.6198151111602783
0.7219085693359375
0.7497539520263672
0.6278839111328125
0.7286057472229004
0.6046929359436035
0.7134854793548584
0.589775562286377
0.4176332950592041
0.6752152442932129
0.6861860752105713
0.7259795665740967
0.8281035423278809
0.5262532234191895
0.8186779022216797
0.5318303108215332
0.6187458038330078
0.689767599105835
0.8188450336456299
0.6307964324951172
0.9245684146881104
0.7050027847290039
0.8247957229614258
0.6171348094940186
0.724454402923584
0.8242449760437012
0.7263462543487549
0.6209399700164795
0.6237413883209229
0.7231895923614502
0.5295100212097168
0.5806043148040771
0.7811970710754395
0.6248044967651367
78.27805256843567
