0.4889187812805176
0.637066125869751
0.814708948135376
0.7220516204833984
0.5728538036346436
0.6214845180511475
0.7997300624847412
0.6266224384307861
0.6183242797851562
0.6696445941925049
0.7189538478851318
0.5382575988769531
1.003587007522583
0.5708973407745361
0.7211136817932129
0.8207733631134033
0.8189380168914795
0.6292767524719238
0.7260899543762207
0.6242222785949707
0.7258181571960449
0.6268067359924316
0.7209692001342773
0.8217549324035645
0.7211906909942627
0.7228603363037109
0.7792398929595947
0.6027426719665527
0.716336727142334
0.8182480335235596
0.5353913307189941
0.6860942840576172
0.6131103038787842
0.6208648681640625
0.6271543502807617
0.8710629940032959
0.7236709594726562
0.43696141242980957
0.8251540660858154
0.6226587295532227
0.8262252807617188
0.5321917533874512
0.7193584442138672
0.8300457000732422
0.5035860538482666
0.7307794094085693
0.595085859298706
0.8252742290496826
0.7234964370727539
0.7160828113555908
0.8146817684173584
0.6257448196411133
0.7155354022979736
0.8281278610229492
0.7177639007568359
0.7923433780670166
0.6245386600494385
0.8658521175384521
0.6272695064544678
0.6323850154876709
0.7178206443786621
0.6850018501281738
0.6243152618408203
0.7266254425048828
0.9359438419342041
0.8078320026397705
0.7330219745635986
0.8035752773284912
0.5451505184173584
0.6188535690307617
0.47240471839904785
0.5209469795227051
0.5807161331176758
0.8112902641296387
0.6202402114868164
0.677037239074707
0.42609691619873047
0.6204674243927002
0.8201839923858643
0.6168055534362793
0.6287651062011719
0.8077731132507324
0.5400135517120361
0.7194955348968506
0.7244632244110107
0.7250392436981201
0.8123905658721924
0.8239760398864746
0.6148769855499268
0.6372849941253662
0.6532740592956543
0.6254162788391113
0.827197790145874
0.6798117160797119
0.7241590023040771
0.7256209850311279
0.71750807762146
0.7233180999755859
0.7210819721221924
0.721405029296875
77.76399254798889
