0.5233898162841797
0.6959490776062012
0.6033198833465576
0.6307520866394043
0.6113529205322266
0.6130239963531494
0.526874303817749
0.6220409870147705
0.8060750961303711
0.5777378082275391
0.6169412136077881
0.8272323608398438
0.706911563873291
0.6294381618499756
0.6082782745361328
0.8190734386444092
0.5759174823760986
0.7165725231170654
0.7198338508605957
0.48030853271484375
0.7193779945373535
0.6154229640960693
0.6324312686920166
0.6876521110534668
0.6301462650299072
0.5256774425506592
0.8254642486572266
0.6219456195831299
0.7195837497711182
0.7243151664733887
0.7217073440551758
0.6177570819854736
0.5303792953491211
0.602919340133667
0.810460090637207
0.7311909198760986
0.7154369354248047
0.8167586326599121
0.7172605991363525
0.626044750213623
0.6330432891845703
0.924189567565918
0.7193846702575684
0.5263762474060059
0.5002741813659668
0.632094144821167
0.8109219074249268
0.7218191623687744
0.6835711002349854
0.8159160614013672
0.7200930118560791
0.824744462966919
0.7256276607513428
0.5930752754211426
0.8184010982513428
0.722515344619751
0.716907262802124
0.8220305442810059
0.719609260559082
0.5159318447113037
0.5976552963256836
0.6940150260925293
0.6220889091491699
0.6681511402130127
0.628110408782959
0.7221019268035889
0.6103057861328125
0.6140687465667725
0.8240716457366943
0.7238790988922119
0.9221189022064209
0.6202893257141113
0.589287519454956
0.6223499774932861
0.7224776744842529
0.6216669082641602
0.9225108623504639
0.7288188934326172
0.6203088760375977
0.7915682792663574
0.627772331237793
0.8219926357269287
0.5969552993774414
0.6353826522827148
0.6151430606842041
0.5660295486450195
0.9185996055603027
0.7848594188690186
0.7203524112701416
0.9208648204803467
0.7151758670806885
0.6102426052093506
0.7280077934265137
0.5865390300750732
0.6717772483825684
0.5303585529327393
0.6019525527954102
0.7046499252319336
0.7181000709533691
0.7321195602416992
76.90151286125183
