0.5790107250213623
0.6331779956817627
0.8152472972869873
0.6177527904510498
0.6843452453613281
0.6562509536743164
0.7133944034576416
0.723546028137207
0.7197003364562988
0.6299200057983398
0.7017159461975098
0.5285935401916504
0.7858350276947021
0.7224342823028564
0.7221798896789551
0.8241326808929443
0.7951414585113525
0.7013463973999023
0.8312098979949951
0.6939065456390381
0.666959285736084
0.5238518714904785
0.6268177032470703
1.0463554859161377
0.3824760913848877
0.6152970790863037
0.7236843109130859
0.7190372943878174
0.5224566459655762
0.8291041851043701
0.6050910949707031
0.7252073287963867
0.6317970752716064
0.6586208343505859
0.6174952983856201
0.5605623722076416
0.6125345230102539
0.5239138603210449
0.7660760879516602
0.7225103378295898
0.7726576328277588
0.6294605731964111
0.8104996681213379
0.6284646987915039
0.7199993133544922
0.6327266693115234
0.7277863025665283
0.7225162982940674
0.7031738758087158
0.8217499256134033
0.7859117984771729
0.8167173862457275
0.5995402336120605
0.6834204196929932
0.7281131744384766
0.7211892604827881
0.6121935844421387
0.8056285381317139
0.5292270183563232
0.5817158222198486
0.6346690654754639
0.5745468139648438
0.7133550643920898
0.5332651138305664
0.8955345153808594
0.7216377258300781
0.7262470722198486
0.7287726402282715
0.6222720146179199
0.7286715507507324
0.8149564266204834
0.6256022453308105
0.6285116672515869
0.7270939350128174
0.8173458576202393
0.8085637092590332
0.6346709728240967
0.5208621025085449
1.018634557723999
0.7263767719268799
0.8191978931427002
0.7165236473083496
0.5189979076385498
0.8234272003173828
0.6231613159179688
0.5650148391723633
0.7306280136108398
0.8186078071594238
0.5250527858734131
0.8202078342437744
0.6978216171264648
0.7188293933868408
0.7248439788818359
0.7320668697357178
0.6187849044799805
0.6269855499267578
0.9114465713500977
0.6149740219116211
0.43410706520080566
0.7201838493347168
77.77448296546936
