0.5344464778900146
0.604461669921875
0.524761438369751
0.8351013660430908
0.6956696510314941
0.7337646484375
0.8151519298553467
0.5199811458587646
0.622443437576294
0.7190618515014648
0.5274374485015869
0.5732510089874268
0.48298048973083496
0.6238758563995361
0.6187779903411865
0.730679988861084
0.7201938629150391
0.7094419002532959
0.5778868198394775
0.6237993240356445
0.7247281074523926
0.8052020072937012
0.6298942565917969
0.7138731479644775
0.6311957836151123
0.8214704990386963
0.6925761699676514
0.7265996932983398
0.8058929443359375
0.5344333648681641
0.6107883453369141
0.7233352661132812
0.8686726093292236
0.5745353698730469
0.73398756980896
0.7228283882141113
0.7387018203735352
0.9167342185974121
0.7235524654388428
0.622894287109375
0.5099823474884033
0.7185230255126953
0.48545384407043457
0.6231234073638916
0.7241525650024414
0.7302086353302002
0.7195544242858887
0.7175102233886719
0.6089789867401123
0.7284646034240723
0.6133089065551758
0.8158819675445557
0.7188866138458252
0.7218685150146484
0.8283460140228271
0.7707605361938477
0.7296454906463623
0.7232241630554199
0.7835361957550049
0.7315773963928223
0.6234261989593506
0.7788193225860596
0.48656201362609863
0.9112513065338135
0.8152327537536621
0.5157260894775391
0.7407383918762207
0.6137855052947998
0.7113151550292969
0.5370936393737793
0.6369273662567139
0.8112549781799316
0.7189171314239502
0.7243084907531738
0.5809617042541504
0.5865919589996338
0.6201200485229492
0.8192336559295654
0.6556994915008545
0.5280652046203613
0.7960925102233887
0.6107826232910156
0.8090922832489014
0.7186813354492188
0.6481871604919434
0.8072648048400879
0.5043430328369141
0.7181077003479004
0.7245602607727051
0.6354959011077881
0.7868831157684326
0.5857040882110596
0.7158212661743164
0.6932339668273926
0.6141808032989502
0.8821825981140137
0.5866131782531738
0.5960917472839355
0.6133465766906738
0.5305070877075195
76.97167611122131
