0.6098644733428955
0.7341115474700928
0.6165857315063477
0.5373961925506592
0.7142975330352783
0.5312764644622803
0.8173806667327881
0.6189110279083252
0.722374439239502
0.6212899684906006
0.5733401775360107
0.6023948192596436
0.8725981712341309
0.6244313716888428
0.809870719909668
0.5811493396759033
0.8175878524780273
0.6279351711273193
0.7039186954498291
0.6934082508087158
0.714238166809082
0.7111237049102783
0.6380712985992432
0.8162112236022949
0.717951774597168
0.6794304847717285
0.7368137836456299
0.7211556434631348
0.5285525321960449
0.79866623878479
0.8246593475341797
0.9067187309265137
0.7378771305084229
0.5976476669311523
0.7136445045471191
0.6304810047149658
0.7704474925994873
0.4326939582824707
1.126927137374878
0.6662302017211914
0.7207739353179932
0.6985187530517578
0.7215194702148438
0.7187139987945557
0.7117569446563721
0.6891224384307861
0.5202908515930176
0.7236306667327881
0.8103008270263672
0.6278724670410156
0.6307361125946045
0.824211835861206
0.5062952041625977
0.6338722705841064
0.6333985328674316
0.6369137763977051
0.704521894454956
0.5191283226013184
0.8151483535766602
0.7225680351257324
0.8227331638336182
0.6281962394714355
0.8079242706298828
0.7297263145446777
0.805976390838623
0.6227362155914307
0.7154109477996826
0.6889128684997559
0.617872953414917
0.5262458324432373
0.7216415405273438
0.7135941982269287
0.7271895408630371
0.8229758739471436
0.5213563442230225
0.6191143989562988
0.7161688804626465
0.6877973079681396
0.8230776786804199
0.6345984935760498
0.6126532554626465
0.607464075088501
0.5289137363433838
0.7319116592407227
0.7337498664855957
0.8259303569793701
0.827303409576416
0.7121748924255371
0.62795090675354
0.9193954467773438
0.5256755352020264
0.7214770317077637
0.8134140968322754
0.7149839401245117
0.5733301639556885
0.7157504558563232
0.5303149223327637
0.9268276691436768
0.8304450511932373
0.7302920818328857
77.9932050704956
