0.4541351795196533
0.6291532516479492
0.7333543300628662
0.7885153293609619
0.7178802490234375
0.5270297527313232
0.8217461109161377
0.48996973037719727
0.7707638740539551
0.8118970394134521
0.6232914924621582
0.6140313148498535
0.5753345489501953
0.7209599018096924
0.4899783134460449
0.6219117641448975
0.7173295021057129
0.6243505477905273
0.5713381767272949
0.6899151802062988
0.830284833908081
0.7183527946472168
0.53279709815979
0.7300689220428467
0.517676830291748
0.7180261611938477
0.6147348880767822
0.6318984031677246
0.5263574123382568
0.7167127132415771
0.6846485137939453
0.5296900272369385
0.6242201328277588
0.6256411075592041
0.6285762786865234
0.8214535713195801
0.724034309387207
0.8250463008880615
0.7163920402526855
0.7229607105255127
0.6297605037689209
0.718543529510498
0.6275358200073242
0.6139440536499023
0.7314190864562988
0.6258437633514404
0.6121165752410889
0.693169355392456
0.8199865818023682
0.6249239444732666
0.6196811199188232
0.6993224620819092
0.6293680667877197
0.6955034732818604
0.7178807258605957
0.5274055004119873
0.7192046642303467
0.5212593078613281
0.7233736515045166
0.7248988151550293
0.6218822002410889
0.7128496170043945
0.47937965393066406
0.8178014755249023
0.7020823955535889
0.724414587020874
0.8789970874786377
0.6374783515930176
0.7352001667022705
0.681988000869751
0.8150131702423096
0.5172853469848633
0.9798059463500977
0.5402839183807373
0.6178545951843262
0.7148778438568115
0.5231938362121582
0.8171939849853516
0.5353233814239502
0.8083474636077881
0.6124677658081055
0.6320633888244629
0.6745774745941162
0.7140598297119141
0.7207794189453125
0.717249870300293
0.5403707027435303
0.8129291534423828
0.6280651092529297
0.617969274520874
0.7158849239349365
0.7214517593383789
0.732839822769165
0.7242522239685059
0.8636569976806641
0.7280967235565186
0.617276668548584
0.6228256225585938
0.6721527576446533
0.8148956298828125
76.06257510185242
