0.6447670459747314
0.6957805156707764
0.7826335430145264
0.4930853843688965
0.8702189922332764
0.7725276947021484
1.0768041610717773
0.7870821952819824
0.6755332946777344
0.7838382720947266
0.794492244720459
0.6845653057098389
0.7812883853912354
0.7828755378723145
0.8688399791717529
0.8045327663421631
0.6880621910095215
0.6609542369842529
0.5851039886474609
0.7757837772369385
0.7917416095733643
0.6784236431121826
0.6938867568969727
0.6890745162963867
0.7769038677215576
0.8682816028594971
0.8792741298675537
0.8718078136444092
0.7796058654785156
0.5864460468292236
0.8836386203765869
0.682485818862915
0.5852758884429932
0.7872953414916992
0.6851065158843994
0.6874580383300781
0.7778267860412598
0.8843173980712891
0.6944530010223389
0.5824854373931885
0.7862110137939453
0.5866477489471436
0.6794300079345703
0.575176477432251
0.7848596572875977
0.692192792892456
0.8880598545074463
0.7753243446350098
0.9728643894195557
0.7867527008056641
0.8752150535583496
0.6854798793792725
0.5884058475494385
0.8773870468139648
0.696587324142456
0.7834811210632324
0.7772340774536133
0.6851522922515869
0.5816450119018555
0.7804548740386963
0.8771789073944092
0.6766705513000488
0.6814546585083008
0.7892446517944336
0.7817938327789307
0.7685894966125488
0.6876206398010254
0.7722470760345459
0.7901463508605957
0.6921064853668213
0.684589147567749
0.8812904357910156
0.8844988346099854
0.6815760135650635
0.7755067348480225
0.9845559597015381
0.7845590114593506
0.6799788475036621
0.5842599868774414
0.6846942901611328
0.7845027446746826
0.7845945358276367
0.6759312152862549
0.5841596126556396
0.6462306976318359
0.8830046653747559
0.9082353115081787
0.6855101585388184
0.5847756862640381
0.6855285167694092
0.8808462619781494
0.6786901950836182
0.7836971282958984
0.7772624492645264
0.9856553077697754
0.6856279373168945
0.8774480819702148
0.7955543994903564
0.8688931465148926
0.8818626403808594
77.1478979587555
