0.7836837768554688
0.675541877746582
0.7953932285308838
0.7849783897399902
0.8815736770629883
0.7804720401763916
0.6856358051300049
0.7900094985961914
0.974431037902832
0.7902569770812988
0.7879042625427246
0.8817634582519531
0.9775478839874268
0.7811532020568848
0.6878795623779297
0.69016432762146
0.7798948287963867
0.5891849994659424
0.6760332584381104
0.7804868221282959
0.8737237453460693
0.786198616027832
0.6903455257415771
0.7875974178314209
0.8875899314880371
0.8716106414794922
0.6805534362792969
0.6843869686126709
0.6882808208465576
0.8774244785308838
0.5884225368499756
0.5825598239898682
0.6738035678863525
0.8817446231842041
0.792609453201294
0.6817426681518555
0.7828619480133057
0.9796442985534668
0.7749872207641602
0.5899298191070557
0.9720351696014404
0.6865346431732178
0.7849183082580566
0.8801743984222412
0.7961781024932861
0.7804398536682129
0.8879683017730713
0.6761765480041504
0.9841151237487793
0.7940270900726318
0.7792742252349854
0.879685640335083
0.7797553539276123
0.7878448963165283
0.6846683025360107
0.8756985664367676
0.5849165916442871
0.6902520656585693
0.783297061920166
0.8827564716339111
0.8757889270782471
0.8822102546691895
0.4806051254272461
0.593468427658081
0.6725184917449951
0.7868077754974365
0.8791923522949219
0.784562349319458
0.6839756965637207
0.6852185726165771
0.6837377548217773
1.083106517791748
0.9744431972503662
0.6955351829528809
0.6731653213500977
0.782766580581665
0.7863497734069824
0.7800278663635254
0.6858642101287842
0.6802637577056885
0.7718892097473145
0.6795930862426758
0.8818392753601074
0.6814448833465576
0.7893304824829102
0.5683197975158691
0.7867381572723389
0.6855499744415283
0.8855016231536865
0.7805733680725098
0.6843104362487793
0.6910982131958008
0.6766607761383057
0.7755889892578125
0.6882040500640869
0.7829153537750244
0.7830686569213867
0.6853666305541992
0.6766543388366699
0.7938778400421143
78.36786079406738
