0.8063228130340576
0.6790738105773926
0.6803090572357178
0.8857550621032715
0.6827926635742188
0.7863214015960693
0.6866655349731445
0.7831418514251709
0.8742961883544922
0.6863188743591309
0.6801066398620605
0.6810164451599121
0.7900259494781494
0.8836510181427002
0.7770977020263672
0.5787327289581299
0.6874430179595947
0.7833285331726074
0.8854794502258301
0.7795956134796143
0.7882144451141357
0.7857580184936523
0.6817121505737305
0.8810563087463379
0.6846230030059814
0.5892593860626221
0.778106689453125
0.790104866027832
0.7786433696746826
0.7843880653381348
0.5842206478118896
0.888599157333374
0.7759039402008057
0.7798078060150146
0.5818455219268799
0.7818851470947266
0.6878702640533447
0.8798849582672119
0.6685328483581543
0.6944117546081543
0.9813001155853271
0.6831057071685791
0.9912710189819336
0.9024176597595215
0.9513745307922363
0.7792942523956299
0.678246021270752
0.7840414047241211
0.6926939487457275
0.7818553447723389
0.6892433166503906
0.6886496543884277
0.8785033226013184
0.681175708770752
0.7790288925170898
0.8857448101043701
0.8873410224914551
0.7812159061431885
0.7896714210510254
0.7847476005554199
0.8819983005523682
0.6910197734832764
0.7749507427215576
0.7863976955413818
0.6747207641601562
0.5890839099884033
0.778540849685669
0.5825669765472412
0.7786693572998047
0.6937763690948486
0.7781367301940918
0.7772078514099121
0.7856409549713135
0.5921199321746826
0.8722476959228516
0.5862119197845459
0.7831523418426514
0.7798912525177002
0.7814688682556152
0.793328046798706
0.7769570350646973
0.6807289123535156
1.1765389442443848
0.6826517581939697
0.7878837585449219
0.6871891021728516
0.9748649597167969
0.8756015300750732
0.4882934093475342
0.8833260536193848
0.8910086154937744
0.5848572254180908
0.8832767009735107
0.782315731048584
0.6763021945953369
0.6906528472900391
0.8791482448577881
0.9811849594116211
0.7826600074768066
0.7736287117004395
78.4789707660675
