0.768848180770874
0.7053980827331543
0.6910157203674316
0.9775805473327637
0.7837450504302979
0.5930826663970947
0.7726805210113525
0.8843932151794434
0.6842753887176514
0.8773112297058105
0.5949094295501709
0.7786142826080322
0.7889091968536377
0.6855170726776123
0.7910776138305664
0.7799482345581055
0.6799001693725586
0.5951879024505615
0.6825833320617676
0.8772573471069336
0.7822418212890625
0.7839488983154297
0.6897487640380859
0.8735835552215576
0.7885875701904297
0.6719930171966553
0.7792339324951172
0.8704118728637695
0.7849946022033691
0.5928003787994385
0.8775804042816162
0.9737870693206787
0.8779761791229248
0.6899073123931885
0.7807910442352295
0.8794393539428711
0.7820892333984375
0.7813200950622559
0.7787394523620605
0.7914841175079346
0.774444580078125
0.6847665309906006
0.6880908012390137
0.6898400783538818
0.7852106094360352
0.688554048538208
0.8740792274475098
0.690666913986206
0.7727882862091064
0.7854151725769043
0.8864603042602539
0.6802811622619629
0.7763354778289795
0.7819118499755859
0.8815150260925293
0.5860836505889893
0.7906789779663086
0.693840742111206
0.9068071842193604
0.7728021144866943
0.585437536239624
0.8818771839141846
0.9796638488769531
0.782686710357666
0.6851828098297119
0.7840242385864258
0.8776679039001465
0.7877013683319092
0.6891226768493652
0.674903154373169
0.983757495880127
0.692096471786499
0.6459968090057373
0.7817881107330322
0.7840416431427002
0.782200813293457
0.9870584011077881
0.6859309673309326
0.6784698963165283
0.7889351844787598
0.6839330196380615
0.8813362121582031
0.7763733863830566
0.973163366317749
0.59523606300354
0.7802748680114746
0.9768989086151123
0.8853206634521484
0.7903792858123779
0.679802656173706
0.6852908134460449
0.876413106918335
0.5945074558258057
0.9785730838775635
0.7781829833984375
0.7862465381622314
0.877302885055542
0.8834226131439209
0.7835743427276611
0.6905269622802734
79.27741813659668
