0.7595462799072266
0.7913753986358643
0.6790771484375
0.6827819347381592
0.6814026832580566
0.6913902759552002
0.8853082656860352
0.7759292125701904
0.791804313659668
0.7827274799346924
0.772824764251709
0.7896950244903564
0.7779824733734131
0.8730781078338623
0.688572883605957
0.7937791347503662
0.6800730228424072
0.6795854568481445
0.6881215572357178
0.7836501598358154
0.7863826751708984
0.789046049118042
1.0040192604064941
0.7409646511077881
0.6850347518920898
0.6808719635009766
0.8928020000457764
0.5866801738739014
0.8792872428894043
0.8817989826202393
0.9830446243286133
0.6840219497680664
0.7954466342926025
0.8731675148010254
0.6891262531280518
0.7783055305480957
0.8806798458099365
0.7874608039855957
0.8854324817657471
0.5889859199523926
0.8672635555267334
0.6826238632202148
0.6747453212738037
0.7692434787750244
0.6944200992584229
0.6873185634613037
0.7825050354003906
0.692638635635376
0.6780576705932617
0.6823985576629639
0.7896666526794434
0.6963520050048828
0.6936380863189697
0.7861940860748291
0.8831613063812256
0.7755782604217529
0.7780420780181885
0.8784022331237793
0.5917325019836426
0.7769725322723389
0.7770416736602783
0.7814435958862305
0.6919186115264893
0.8795685768127441
0.7886579036712646
1.0801124572753906
0.8069818019866943
0.6619880199432373
0.8772242069244385
0.685112714767456
0.7794764041900635
0.4904005527496338
0.9746084213256836
0.9858927726745605
0.7832846641540527
0.9778313636779785
0.7884316444396973
0.6893501281738281
0.6862788200378418
0.8727164268493652
0.7906849384307861
0.8773603439331055
0.7719829082489014
0.7857222557067871
0.8779709339141846
0.7919752597808838
0.9738016128540039
0.7905058860778809
0.7849416732788086
0.6873996257781982
0.776914119720459
0.6798622608184814
0.7847497463226318
0.7789852619171143
0.5760092735290527
0.9734725952148438
0.7901456356048584
0.6913967132568359
0.7766854763031006
0.8813176155090332
79.4678840637207
