0.7822401523590088
0.7409944534301758
0.6829245090484619
0.7799794673919678
0.688138484954834
0.5787382125854492
0.8782715797424316
0.5725138187408447
0.5883529186248779
0.6812481880187988
0.7842051982879639
0.777925968170166
0.6862771511077881
0.6828486919403076
0.6860032081604004
0.7842471599578857
0.7757580280303955
0.681194543838501
0.8816683292388916
0.5815646648406982
0.589808464050293
0.7859294414520264
0.6855685710906982
0.8717741966247559
0.6877138614654541
0.7850275039672852
0.8850324153900146
0.7729055881500244
0.5950486660003662
0.7781679630279541
0.98380446434021
0.878864049911499
0.9785046577453613
0.7770888805389404
0.6896388530731201
0.592231035232544
0.8709607124328613
0.6864101886749268
0.988858699798584
0.6772558689117432
0.6832737922668457
0.975048303604126
0.7858178615570068
0.9872486591339111
0.7746529579162598
0.782341480255127
0.8838441371917725
0.7875831127166748
0.882910966873169
0.7854983806610107
0.9799106121063232
0.7756609916687012
0.7771551609039307
0.6942384243011475
0.6939501762390137
0.8669614791870117
0.7803587913513184
0.8830759525299072
0.8837752342224121
0.6814374923706055
0.8783867359161377
0.6905105113983154
0.7856812477111816
0.8817174434661865
0.6847231388092041
0.5924892425537109
0.7818074226379395
0.8777496814727783
0.9725594520568848
0.7822346687316895
0.8788676261901855
0.5867750644683838
0.6844570636749268
0.6833019256591797
0.87835693359375
0.5899691581726074
0.8792352676391602
0.8816235065460205
0.6867129802703857
0.7772326469421387
0.6917738914489746
0.7795774936676025
0.783806562423706
0.6878430843353271
0.7885055541992188
0.8829705715179443
0.7901761531829834
0.7897708415985107
0.7722325325012207
0.7862703800201416
0.7821080684661865
0.6803529262542725
0.5939888954162598
0.7795677185058594
0.8877472877502441
0.6784763336181641
0.8760864734649658
0.8777980804443359
0.7842025756835938
0.5894784927368164
78.87686228752136
