0.698549747467041
0.6863131523132324
0.786876916885376
0.9825396537780762
0.7861320972442627
0.8805925846099854
0.7883739471435547
0.7795882225036621
0.6660468578338623
0.7031536102294922
0.6816978454589844
0.8738579750061035
0.9848616123199463
0.8859734535217285
0.7750568389892578
0.7793083190917969
0.5924415588378906
0.5875828266143799
0.7786695957183838
0.7793998718261719
0.6908683776855469
0.8801593780517578
0.8912229537963867
1.0659489631652832
0.6900408267974854
0.48180055618286133
0.6858241558074951
0.7809116840362549
0.7868049144744873
0.781282901763916
0.7826120853424072
0.779102087020874
0.7817187309265137
0.68454909324646
0.9854762554168701
0.7842772006988525
0.8683505058288574
0.7998874187469482
0.9647994041442871
0.7019734382629395
0.7680182456970215
0.7820675373077393
0.6834385395050049
0.787431001663208
0.782055139541626
0.6814227104187012
0.6867899894714355
0.6874010562896729
0.8821492195129395
0.7844948768615723
0.7846028804779053
0.679694652557373
0.8810884952545166
0.6899080276489258
0.6873433589935303
0.8781223297119141
0.7894842624664307
0.8761487007141113
0.7839329242706299
0.5835928916931152
0.7815530300140381
0.7830169200897217
0.7827837467193604
0.6859695911407471
0.6778228282928467
0.8745505809783936
0.8796613216400146
0.7836203575134277
0.8780014514923096
0.6779530048370361
0.792076826095581
0.9815895557403564
0.8914358615875244
0.8802821636199951
0.7790451049804688
0.5917572975158691
0.886080265045166
0.8804235458374023
0.6914091110229492
0.8745207786560059
0.6821351051330566
0.6814186573028564
0.7797818183898926
0.786994218826294
0.5838901996612549
0.79115891456604
0.6788256168365479
0.7763321399688721
0.584528923034668
0.9841654300689697
0.790123701095581
0.8829786777496338
0.7735400199890137
0.5863699913024902
0.7842161655426025
0.7866194248199463
0.8797991275787354
0.6837480068206787
0.7836527824401855
0.7742366790771484
79.37879538536072
