0.9804847240447998
0.9986388683319092
0.6871259212493896
0.8825569152832031
0.49344873428344727
1.1798222064971924
0.48606443405151367
0.7721097469329834
0.5878207683563232
0.713690996170044
0.7513427734375
0.8715760707855225
0.6915347576141357
0.6845643520355225
0.5781152248382568
0.7772190570831299
0.7857880592346191
0.7806801795959473
0.7939732074737549
0.9806482791900635
0.8774933815002441
0.7896151542663574
0.6863095760345459
0.8716650009155273
0.6910848617553711
0.582740306854248
0.6769857406616211
0.5872986316680908
0.9798610210418701
0.5865828990936279
0.584526777267456
1.081906795501709
0.7878961563110352
0.6860418319702148
0.8656530380249023
0.8818302154541016
0.9832553863525391
0.751286506652832
0.806452751159668
0.7795491218566895
0.7835559844970703
0.5850472450256348
0.7809062004089355
0.8881852626800537
0.789128303527832
0.781313419342041
0.8120157718658447
0.6751940250396729
0.6569781303405762
0.6315855979919434
0.8827464580535889
0.6841142177581787
0.826779842376709
0.780524492263794
0.5817878246307373
0.6849114894866943
0.6843299865722656
0.7777621746063232
0.7843773365020752
0.6901402473449707
0.771937370300293
0.9101719856262207
0.8520510196685791
0.7754302024841309
0.8831403255462646
0.7883772850036621
0.889124870300293
0.8772037029266357
0.5935115814208984
0.8848721981048584
0.7839453220367432
0.8812570571899414
0.6812074184417725
0.6771996021270752
0.8809373378753662
0.7837224006652832
0.6842741966247559
0.6912786960601807
0.7848410606384277
0.7831313610076904
0.7830362319946289
0.6784462928771973
0.5834500789642334
0.8763294219970703
0.8789772987365723
0.9946112632751465
1.0870370864868164
0.5787875652313232
0.49268531799316406
0.6811676025390625
0.6830298900604248
0.674976110458374
1.0871126651763916
0.7820794582366943
0.7776796817779541
0.7838332653045654
0.8846163749694824
0.6829273700714111
0.884723424911499
0.6897702217102051
78.98523306846619
