0.7022006511688232
0.6835227012634277
0.7841465473175049
0.8786654472351074
0.6791098117828369
0.7836921215057373
0.680687665939331
0.7785971164703369
0.4904308319091797
0.981712818145752
0.6860146522521973
0.6853313446044922
0.9688735008239746
0.780036211013794
0.6822495460510254
1.0850765705108643
0.7808244228363037
0.6788153648376465
0.6905655860900879
0.5863730907440186
0.7766108512878418
0.6936695575714111
0.48431992530822754
0.7819745540618896
0.6813395023345947
0.8839671611785889
0.8788037300109863
0.6822474002838135
0.7923917770385742
0.5932159423828125
0.6821126937866211
0.7834136486053467
0.7891983985900879
0.6805057525634766
0.7870619297027588
0.875483512878418
0.6854557991027832
0.681002140045166
0.7817754745483398
0.6867549419403076
0.7838146686553955
0.7773680686950684
0.7897689342498779
0.7827277183532715
0.5935788154602051
0.9773128032684326
0.5884451866149902
0.9718654155731201
0.6853597164154053
0.9830057621002197
0.583956241607666
0.7755515575408936
0.6929550170898438
0.7736546993255615
0.7830398082733154
0.7814242839813232
0.6870744228363037
0.6888022422790527
0.7796683311462402
0.6901366710662842
0.7824270725250244
0.8826589584350586
0.6839838027954102
0.6858193874359131
0.884319543838501
0.7843813896179199
0.7854323387145996
0.7823116779327393
0.8754739761352539
0.6838588714599609
0.5941917896270752
0.8804595470428467
0.7747879028320312
0.6823391914367676
0.8833770751953125
0.6757640838623047
0.7870290279388428
0.7759430408477783
0.7799015045166016
0.5910813808441162
0.6881263256072998
0.8788893222808838
0.5777003765106201
0.7816872596740723
0.683549165725708
0.6910920143127441
0.7770383358001709
0.5821342468261719
0.5859982967376709
0.7865824699401855
0.6825060844421387
0.7739090919494629
0.6806473731994629
0.7847204208374023
0.7806191444396973
0.689220666885376
0.8864700794219971
0.6833574771881104
0.47946643829345703
0.883080244064331
76.27057313919067
