0.8031859397888184
0.7950398921966553
0.684760570526123
0.7850077152252197
0.7572259902954102
0.8868582248687744
0.7797648906707764
0.6853015422821045
0.6846861839294434
0.6847207546234131
0.8739173412322998
0.6949505805969238
0.8816173076629639
0.787015438079834
0.5819134712219238
0.7820813655853271
0.6858811378479004
0.783698320388794
0.7763025760650635
0.6791872978210449
0.7809762954711914
0.5835518836975098
0.8813021183013916
1.0773344039916992
0.7892980575561523
0.7778449058532715
0.5927379131317139
0.8818724155426025
0.7865843772888184
0.8831765651702881
0.873298168182373
0.8854405879974365
0.7823138236999512
0.8806781768798828
0.5846860408782959
0.6859047412872314
0.7843453884124756
0.78143310546875
0.887836217880249
0.5855772495269775
1.0761830806732178
0.9787178039550781
0.7797527313232422
0.78080153465271
0.678095817565918
0.7912006378173828
0.693305253982544
0.7868914604187012
0.6695702075958252
0.7921726703643799
0.9841499328613281
0.7873072624206543
0.9829607009887695
0.6835131645202637
0.4751877784729004
0.9867579936981201
0.5851318836212158
0.8797168731689453
0.684135913848877
0.5886430740356445
0.7817592620849609
0.6844139099121094
0.8794317245483398
0.6819286346435547
0.879880428314209
0.8779664039611816
0.9893982410430908
0.5919616222381592
0.8792989253997803
0.6856653690338135
0.8815560340881348
0.872302770614624
0.6899087429046631
0.6834831237792969
0.7872090339660645
0.6819839477539062
0.6880085468292236
0.7861824035644531
0.7792551517486572
0.6810715198516846
0.6930637359619141
0.6868836879730225
0.8809168338775635
0.6780080795288086
0.5862841606140137
0.9815785884857178
0.7901265621185303
0.7838413715362549
0.8775210380554199
0.8733432292938232
0.5944962501525879
0.586759090423584
0.7746713161468506
0.977081298828125
0.7793457508087158
0.6890823841094971
0.6851575374603271
0.8820681571960449
0.6858425140380859
0.5773558616638184
78.7782871723175
