0.9016075134277344
0.43509936332702637
0.8264164924621582
0.6226060390472412
0.6242034435272217
0.6616420745849609
0.9217116832733154
0.7332170009613037
0.7151439189910889
0.7313127517700195
0.5181293487548828
0.6706428527832031
0.6183817386627197
0.6225321292877197
0.4761545658111572
0.7298657894134521
0.9162397384643555
0.7264251708984375
0.8208811283111572
0.8337540626525879
0.7317702770233154
0.8195803165435791
0.5343303680419922
0.5131008625030518
0.5752251148223877
0.6197562217712402
0.790771484375
0.72271728515625
0.7263433933258057
0.8155467510223389
0.8383166790008545
0.5942165851593018
0.8226215839385986
0.6192140579223633
0.7250945568084717
0.716233491897583
0.7216854095458984
0.5880897045135498
0.7184653282165527
0.5810694694519043
0.7125751972198486
0.7244269847869873
0.8210909366607666
0.7096283435821533
0.6410486698150635
0.9179482460021973
0.7827820777893066
0.6290271282196045
0.9294836521148682
0.5217936038970947
0.8265383243560791
0.655017614364624
0.7153072357177734
0.5288693904876709
1.0259363651275635
0.7178678512573242
0.8228933811187744
0.8321630954742432
0.7261230945587158
0.7185251712799072
0.7189810276031494
0.8214254379272461
0.7208058834075928
0.7248218059539795
0.6211793422698975
0.6408240795135498
0.6146371364593506
0.6238934993743896
0.6263957023620605
0.525498628616333
0.8108274936676025
0.5896866321563721
0.7946648597717285
0.8241136074066162
0.7351758480072021
0.5280966758728027
0.6218738555908203
0.6190829277038574
0.5283553600311279
0.6325523853302002
0.516045331954956
0.6254534721374512
0.633368730545044
0.6157646179199219
0.7235605716705322
0.7122819423675537
0.8247308731079102
0.6184437274932861
0.7413685321807861
0.7053961753845215
0.6732833385467529
0.6739034652709961
0.7185337543487549
0.6274309158325195
0.8249139785766602
0.588944673538208
0.5209624767303467
0.6292233467102051
0.8149797916412354
0.6299495697021484
77.88087487220764
