0.7042083740234375
0.7333412170410156
0.8165597915649414
0.5927426815032959
0.7721676826477051
0.6258409023284912
0.6234796047210693
0.4372236728668213
0.6199662685394287
0.727473258972168
0.823937177658081
0.6236739158630371
0.5955753326416016
0.48164939880371094
0.7139911651611328
0.9241640567779541
0.7078559398651123
0.6293468475341797
0.5733559131622314
0.633002758026123
0.6277401447296143
0.7746622562408447
0.719233512878418
0.6219534873962402
0.6270246505737305
0.6245589256286621
0.5323436260223389
0.6824836730957031
0.5140950679779053
0.7378582954406738
0.8176648616790771
0.8193569183349609
0.7292354106903076
0.6943442821502686
0.5873439311981201
0.695885419845581
0.905024528503418
0.6252377033233643
0.5267646312713623
0.8282537460327148
0.7275638580322266
0.6304829120635986
0.8180062770843506
0.8222665786743164
0.8189880847930908
0.8197367191314697
0.8350772857666016
0.7254657745361328
0.7284035682678223
0.8144009113311768
0.5304498672485352
0.6061751842498779
0.7265589237213135
0.8238112926483154
0.6777396202087402
0.7948360443115234
0.8147091865539551
0.7234833240509033
0.8173840045928955
0.8536093235015869
0.599362850189209
0.7880895137786865
0.7216260433197021
0.627108097076416
0.7163083553314209
0.7234289646148682
0.6353821754455566
0.6454973220825195
1.0150651931762695
0.5763652324676514
0.6730916500091553
0.6350021362304688
0.7209792137145996
0.7949824333190918
0.7215695381164551
0.5136902332305908
0.7214078903198242
0.6275103092193604
0.6360671520233154
0.6786646842956543
0.7345094680786133
0.7331280708312988
0.7308244705200195
0.7120640277862549
0.7271654605865479
0.6302855014801025
0.718012809753418
0.58840012550354
0.48223209381103516
0.8160555362701416
0.6216251850128174
0.7272558212280273
0.6217448711395264
0.5186741352081299
0.6191284656524658
0.806387186050415
0.6756248474121094
0.9249560832977295
0.624849796295166
0.8146047592163086
78.18742680549622
