0.6150434017181396
0.7133462429046631
0.700340747833252
0.8275513648986816
0.8185651302337646
0.6209113597869873
0.6184947490692139
0.6383905410766602
0.622413158416748
0.6262257099151611
0.8270955085754395
0.8276264667510986
0.7264664173126221
0.5991518497467041
0.7283108234405518
0.6305851936340332
0.6158342361450195
0.7329757213592529
0.6359150409698486
0.6857180595397949
0.838433027267456
0.6225631237030029
0.7206776142120361
0.6302921772003174
0.7268929481506348
0.6189854145050049
0.6751289367675781
0.6219816207885742
0.8244953155517578
0.5815541744232178
0.7093555927276611
0.7257869243621826
0.8272876739501953
0.675412654876709
0.7239687442779541
0.4940025806427002
0.8346569538116455
0.7219157218933105
0.718980073928833
0.7281019687652588
0.6343164443969727
0.8143267631530762
0.5235002040863037
0.7239549160003662
0.7258007526397705
0.6055138111114502
0.6302039623260498
0.7253255844116211
0.711888313293457
0.7153284549713135
0.8363866806030273
0.7329363822937012
0.8937170505523682
0.6267373561859131
0.6268577575683594
0.48867201805114746
0.7262997627258301
0.7921478748321533
0.5296328067779541
0.7194483280181885
0.6341862678527832
0.918325662612915
0.7157647609710693
0.44144630432128906
0.8233096599578857
0.7287895679473877
0.6275267601013184
0.622323751449585
0.6098806858062744
0.7251031398773193
0.8246140480041504
0.6706726551055908
0.49720001220703125
0.9213266372680664
0.7233107089996338
0.5243220329284668
0.6229526996612549
0.6278765201568604
0.6182332038879395
0.6342554092407227
0.7119359970092773
0.5394771099090576
1.0034196376800537
0.630126953125
0.7225136756896973
0.7239456176757812
0.7192716598510742
0.8123762607574463
0.9235231876373291
0.7132663726806641
0.5872280597686768
0.8132996559143066
0.8288238048553467
0.6721863746643066
0.7306509017944336
0.6939446926116943
0.5213541984558105
0.43903231620788574
0.6230795383453369
0.8251001834869385
77.6481294631958
