0.77789306640625
0.7207338809967041
0.535442590713501
0.7194392681121826
0.8281886577606201
0.6205487251281738
0.728879451751709
0.7227327823638916
0.6827189922332764
0.6245050430297852
0.92142653465271
0.8171820640563965
0.7253503799438477
0.8269674777984619
0.7326512336730957
1.0165913105010986
0.8828952312469482
0.838007926940918
0.8139076232910156
0.6796817779541016
0.8205850124359131
0.7248282432556152
0.5324015617370605
0.7855088710784912
0.6294751167297363
0.9156231880187988
0.7229971885681152
0.7270169258117676
0.6935117244720459
0.7370502948760986
0.6120376586914062
0.6327083110809326
0.7269024848937988
0.8227343559265137
0.7628421783447266
0.7886307239532471
0.6232233047485352
0.8119843006134033
0.6065769195556641
0.7245395183563232
0.5951323509216309
0.9333257675170898
0.7078893184661865
0.6280126571655273
0.8231346607208252
0.7313089370727539
0.8216898441314697
0.7211053371429443
0.9238007068634033
0.6210947036743164
0.7215864658355713
0.6167550086975098
0.5823526382446289
0.5394124984741211
0.8163104057312012
0.7237038612365723
0.5767574310302734
0.5818374156951904
0.6974406242370605
0.7184593677520752
0.5374422073364258
0.7241127490997314
0.6225085258483887
0.7180054187774658
0.5334427356719971
0.6235415935516357
0.8222916126251221
0.6163959503173828
0.7360153198242188
0.7011356353759766
0.7240591049194336
0.7273874282836914
0.8271348476409912
0.5856039524078369
0.7293074131011963
0.835536003112793
0.8255660533905029
0.7282569408416748
0.6253635883331299
0.7146563529968262
0.8254299163818359
0.6173202991485596
0.6622073650360107
0.4202723503112793
0.8206720352172852
0.5824539661407471
0.7181234359741211
0.7197370529174805
0.5678231716156006
1.0269362926483154
0.774479866027832
0.7289087772369385
0.5322847366333008
0.7694060802459717
0.6166818141937256
0.7416613101959229
0.5235528945922852
0.5880773067474365
0.6320815086364746
0.6211683750152588
79.470210313797
