0.6879274845123291
0.723374605178833
0.7316536903381348
0.8213493824005127
0.6267328262329102
0.8251669406890869
0.6220982074737549
0.43659043312072754
0.7277176380157471
0.593177080154419
0.4755520820617676
0.7193388938903809
0.4355928897857666
0.8172242641448975
0.6359395980834961
0.8190715312957764
0.7199764251708984
0.7233648300170898
0.8206768035888672
0.531853199005127
0.8207948207855225
0.6250205039978027
0.8367700576782227
0.8201866149902344
0.9346592426300049
0.8221638202667236
0.7253067493438721
0.8259832859039307
0.6317570209503174
0.5329110622406006
0.714177131652832
0.7253458499908447
0.7231297492980957
0.5353233814239502
0.8152923583984375
0.6296288967132568
0.6795485019683838
0.6766180992126465
0.520637035369873
0.5752203464508057
0.6372036933898926
0.6231856346130371
0.780623197555542
0.6317968368530273
0.7881991863250732
0.6265020370483398
0.5274839401245117
0.8246147632598877
0.7200777530670166
0.6066534519195557
0.7134277820587158
0.6355688571929932
0.8197979927062988
0.6383140087127686
0.593956708908081
0.8219144344329834
0.7166087627410889
0.7285985946655273
0.5208802223205566
0.6739156246185303
0.8188154697418213
0.7046902179718018
0.7232747077941895
0.5910582542419434
0.8250308036804199
0.8193776607513428
0.8246345520019531
0.6140644550323486
0.6235005855560303
0.7266716957092285
0.7241194248199463
0.6402504444122314
0.5936763286590576
0.5337517261505127
0.6287555694580078
0.8300876617431641
0.9261672496795654
0.6244902610778809
0.6834769248962402
0.6252052783966064
0.9305014610290527
0.7186949253082275
0.44031381607055664
0.9194760322570801
0.7327883243560791
0.8087446689605713
0.5865297317504883
0.6281936168670654
0.7263274192810059
0.623863697052002
1.0252623558044434
0.6813123226165771
0.7220115661621094
0.6378617286682129
0.6211423873901367
0.6723527908325195
0.7118756771087646
0.6233596801757812
0.6908001899719238
0.6201450824737549
77.7706024646759
