0.6088311672210693
0.7160305976867676
0.7289040088653564
0.584320068359375
0.680443286895752
0.7237231731414795
0.7207560539245605
0.8154182434082031
0.6280388832092285
0.6041803359985352
0.7908992767333984
0.8234853744506836
0.6232130527496338
0.6121306419372559
0.7206132411956787
0.7247090339660645
0.7194137573242188
0.727658748626709
0.8347785472869873
0.7280912399291992
0.7269082069396973
0.6191132068634033
0.7239391803741455
0.8223803043365479
0.6325995922088623
0.7214605808258057
0.6150710582733154
0.6299283504486084
0.5820846557617188
0.7200133800506592
0.6282479763031006
0.8163068294525146
0.7187416553497314
0.6191520690917969
0.6215453147888184
0.7124783992767334
0.7896220684051514
0.8109583854675293
0.718996524810791
0.5258791446685791
0.7248125076293945
0.5211973190307617
0.9185454845428467
0.7298233509063721
0.8209798336029053
0.664867639541626
0.5350537300109863
0.6349747180938721
0.9160804748535156
0.5841221809387207
0.6290314197540283
0.7144780158996582
0.8767943382263184
0.7277796268463135
0.7193350791931152
0.7286233901977539
0.6187267303466797
0.8244709968566895
0.7284045219421387
0.6183314323425293
0.5237240791320801
0.7211127281188965
0.4355182647705078
0.7333583831787109
0.6368787288665771
0.6167840957641602
0.7312476634979248
0.7212245464324951
0.6232693195343018
0.6186811923980713
0.7279622554779053
0.6980528831481934
0.8334367275238037
0.7202103137969971
0.5254561901092529
0.931614875793457
0.5935747623443604
0.8262736797332764
0.7229042053222656
0.6221909523010254
0.718590259552002
0.8973860740661621
0.7200465202331543
0.7346944808959961
0.6302039623260498
0.7129256725311279
0.6358094215393066
0.6218466758728027
0.7221503257751465
0.676384449005127
0.6119091510772705
0.9187521934509277
0.6156353950500488
0.5840566158294678
0.5961964130401611
0.7814826965332031
0.7653026580810547
0.6193525791168213
0.7318427562713623
0.7271614074707031
77.96842336654663
