0.5915577411651611
0.724959135055542
0.5342090129852295
0.6910800933837891
0.698286771774292
0.5271327495574951
0.7261321544647217
0.527930498123169
0.8247721195220947
0.7968652248382568
0.6263306140899658
0.9157459735870361
0.45923829078674316
0.7010958194732666
0.529442310333252
0.7230913639068604
0.7189350128173828
0.7296411991119385
0.7225568294525146
0.8204159736633301
0.767056941986084
0.5219552516937256
0.3934907913208008
0.612433910369873
0.5313229560852051
0.6778581142425537
0.5258066654205322
0.6195645332336426
0.6361074447631836
0.8252353668212891
0.6833126544952393
0.7190821170806885
0.4378657341003418
0.5932681560516357
0.7229483127593994
0.7242424488067627
0.9181339740753174
0.5353531837463379
0.7220847606658936
0.5922582149505615
0.7004530429840088
0.5308895111083984
0.7214984893798828
0.7335617542266846
0.6295647621154785
0.8247354030609131
0.7958548069000244
0.7250466346740723
0.5303208827972412
0.7265980243682861
0.6941454410552979
0.7228262424468994
0.8273043632507324
0.9309206008911133
0.6286916732788086
0.8156790733337402
0.5716238021850586
0.6307902336120605
0.7279348373413086
0.8121976852416992
0.6169934272766113
0.6308226585388184
0.7202243804931641
0.8327250480651855
0.7259209156036377
0.4374275207519531
0.8212404251098633
0.5221459865570068
0.7303690910339355
0.7222456932067871
0.922832727432251
0.7251837253570557
0.6282005310058594
0.6283104419708252
0.7183542251586914
0.5269999504089355
0.8205790519714355
0.5843687057495117
0.5330407619476318
0.8110184669494629
0.5916516780853271
0.5851004123687744
0.8158650398254395
0.5898141860961914
0.49379777908325195
0.5867152214050293
0.9218943119049072
0.6254673004150391
0.5340650081634521
0.7032859325408936
0.8896617889404297
0.6277256011962891
0.636559009552002
0.6281135082244873
0.81180739402771
0.735285758972168
0.7068636417388916
0.7199690341949463
0.9135382175445557
0.7187111377716064
76.37910532951355
