0.5791809558868408
0.6320443153381348
0.42874813079833984
0.6363208293914795
0.6894562244415283
0.5303440093994141
0.714531421661377
0.7748110294342041
0.7269411087036133
0.8283507823944092
0.9136078357696533
0.8385837078094482
0.6246945858001709
0.7280058860778809
0.6200661659240723
0.631805419921875
0.718848705291748
0.6283481121063232
0.5576841831207275
0.8252265453338623
0.6103944778442383
0.6241176128387451
0.5215945243835449
0.8312976360321045
0.5345065593719482
0.723501443862915
0.7359025478363037
0.5756726264953613
0.723391056060791
0.6227481365203857
0.4914867877960205
0.7676095962524414
0.5717957019805908
0.7265257835388184
0.6295266151428223
0.7207210063934326
0.6281099319458008
0.6240472793579102
0.7194318771362305
0.8237838745117188
0.7027783393859863
0.5922818183898926
0.7214930057525635
0.7357504367828369
0.829949140548706
0.4903697967529297
0.8193502426147461
0.5959262847900391
0.7713708877563477
0.6105830669403076
0.6159260272979736
0.6907589435577393
0.5906929969787598
0.7200338840484619
0.6352992057800293
0.4763352870941162
0.7209532260894775
0.5271952152252197
0.8184313774108887
0.5336990356445312
0.5673506259918213
0.6292719841003418
0.5284442901611328
0.7272298336029053
0.5412619113922119
0.6278669834136963
0.9255399703979492
0.8412513732910156
0.8015568256378174
0.6271495819091797
0.6826083660125732
0.6232550144195557
0.8206350803375244
0.6736104488372803
0.6248123645782471
0.730309247970581
0.8208858966827393
0.7142412662506104
0.822481632232666
0.5778095722198486
0.6169772148132324
0.63564133644104
0.5264949798583984
0.801642894744873
0.8956470489501953
0.6260030269622803
0.6823549270629883
0.8231461048126221
0.44059300422668457
0.7934510707855225
0.7012708187103271
0.8160984516143799
0.6285018920898438
0.684074878692627
0.7253727912902832
0.6319403648376465
0.7291827201843262
0.620330810546875
0.9238357543945312
0.5232691764831543
76.27586913108826
