0.5846412181854248
0.8240437507629395
0.6289429664611816
0.687161922454834
0.7152829170227051
0.8265953063964844
0.6338343620300293
0.7215819358825684
0.6152331829071045
0.6381628513336182
0.9184310436248779
1.1190986633300781
0.6352136135101318
1.021235466003418
0.6877920627593994
0.6376543045043945
0.7062726020812988
0.7230041027069092
0.7406158447265625
0.7168533802032471
0.5247948169708252
0.7287626266479492
0.7249953746795654
0.8233582973480225
0.9177651405334473
0.675274133682251
0.7113964557647705
0.6357965469360352
0.7080776691436768
0.6686751842498779
0.7340130805969238
0.6355087757110596
0.7133462429046631
0.8343746662139893
0.49800586700439453
0.7196650505065918
0.8397159576416016
0.7249975204467773
0.6430058479309082
0.6750140190124512
0.7225320339202881
0.726874828338623
0.7239241600036621
0.8251948356628418
0.7277579307556152
0.6120584011077881
0.6195180416107178
0.7924647331237793
0.7147307395935059
0.7207071781158447
0.8186414241790771
0.7304096221923828
0.6934943199157715
0.7209172248840332
0.5306062698364258
0.5317075252532959
0.7199826240539551
0.7215859889984131
0.7310688495635986
0.7229046821594238
0.7337701320648193
0.8255348205566406
0.62137770652771
0.6277296543121338
0.7296266555786133
0.812981128692627
0.7228472232818604
0.5297682285308838
0.7878141403198242
0.6335663795471191
0.7228331565856934
0.5207841396331787
0.6188127994537354
0.7224276065826416
0.9208402633666992
0.827465295791626
0.8122081756591797
0.6327345371246338
0.8178961277008057
0.6323490142822266
0.7258236408233643
0.860374927520752
0.5815668106079102
0.7195885181427002
0.7028021812438965
0.6298356056213379
0.7183754444122314
0.9365572929382324
0.6304404735565186
0.6208791732788086
0.8062641620635986
0.7277987003326416
0.6213459968566895
0.7324187755584717
0.7323660850524902
0.930476188659668
0.6975340843200684
0.7239608764648438
0.6296341419219971
0.5354979038238525
79.46924209594727
