0.6009283065795898
0.7325117588043213
0.9245994091033936
0.822096586227417
0.782444953918457
0.7156820297241211
0.9166824817657471
0.6730654239654541
0.6071009635925293
0.6706624031066895
0.7875998020172119
0.7014527320861816
0.6396558284759521
0.524683952331543
0.7127952575683594
0.6051878929138184
0.6829426288604736
0.7209441661834717
0.782952070236206
0.8257818222045898
0.6277658939361572
0.7288219928741455
0.5106911659240723
0.6300456523895264
0.6308348178863525
0.621696949005127
0.7302610874176025
0.5411601066589355
0.824425458908081
0.7175555229187012
0.5281610488891602
0.7132117748260498
0.6160790920257568
0.5794665813446045
0.5782105922698975
0.5358610153198242
0.6276323795318604
0.6263611316680908
0.4767141342163086
0.5979690551757812
0.7256195545196533
0.8321952819824219
0.7181966304779053
0.6292726993560791
0.7172729969024658
0.6345005035400391
0.8098845481872559
0.7356698513031006
0.8233797550201416
0.9256813526153564
0.6088109016418457
0.582388162612915
0.7147254943847656
0.623009204864502
0.72430419921875
0.6323235034942627
0.6175286769866943
0.7962374687194824
0.7319118976593018
0.6804125308990479
0.9367494583129883
0.7519938945770264
0.5701684951782227
0.8246660232543945
0.7323956489562988
0.821342945098877
0.5327918529510498
0.8162918090820312
0.7330138683319092
0.7768523693084717
0.8113913536071777
0.8222315311431885
0.7007288932800293
0.62103271484375
0.630615234375
0.7271220684051514
0.6392571926116943
0.9230861663818359
0.7078337669372559
0.7170753479003906
1.1128520965576172
0.6294219493865967
0.8320491313934326
0.7201330661773682
0.628014087677002
0.7280659675598145
0.5157849788665771
0.7228219509124756
0.8102200031280518
0.6351430416107178
0.624542236328125
0.8993418216705322
0.5476231575012207
0.8230361938476562
0.7224714756011963
0.8199965953826904
0.7211990356445312
0.672410249710083
0.5493936538696289
0.9097657203674316
79.17649459838867
