0.6831324100494385
0.591036319732666
0.9806509017944336
0.6823606491088867
0.3845093250274658
0.7833926677703857
0.677091121673584
0.4765641689300537
0.4833202362060547
0.7865581512451172
0.5750899314880371
0.4764573574066162
0.9738805294036865
0.6907229423522949
0.48894572257995605
0.3810710906982422
0.38289546966552734
0.9772593975067139
0.5795681476593018
0.47577428817749023
0.6774275302886963
0.581505537033081
0.7802631855010986
0.48818016052246094
0.5748946666717529
0.5881459712982178
0.5892958641052246
0.4845156669616699
0.5878164768218994
0.6839802265167236
0.5869612693786621
0.5845458507537842
0.7799904346466064
0.47869038581848145
0.5857353210449219
0.5800700187683105
0.4858880043029785
0.4835388660430908
0.6753027439117432
0.4910571575164795
0.48105525970458984
0.4725918769836426
0.49217867851257324
0.6859090328216553
0.4732990264892578
0.3825802803039551
0.6878931522369385
0.5822603702545166
0.7819633483886719
0.7779009342193604
0.6825449466705322
0.5835855007171631
0.8829507827758789
0.673565149307251
0.4893651008605957
0.4840261936187744
0.5848679542541504
0.4841935634613037
0.5739231109619141
0.584453821182251
0.5811488628387451
0.6952071189880371
0.5739078521728516
0.5828952789306641
0.5828456878662109
0.4743518829345703
0.8860242366790771
0.39204931259155273
0.7836141586303711
0.580773115158081
0.48775219917297363
0.5780806541442871
0.4871189594268799
0.4861176013946533
0.4823472499847412
0.5765671730041504
0.37600088119506836
0.47364211082458496
0.6885032653808594
0.48406529426574707
0.38151049613952637
0.5769534111022949
0.8832170963287354
0.5778276920318604
0.5806446075439453
0.5844776630401611
0.7825801372528076
0.5875215530395508
0.5779805183410645
0.5909430980682373
0.4823789596557617
0.4691042900085449
0.7791461944580078
0.5915608406066895
0.6768057346343994
0.7834405899047852
0.8816096782684326
0.6805834770202637
0.6846060752868652
0.5848093032836914
61.97624325752258
