0.4811215400695801
0.5040061473846436
0.680548906326294
0.788100004196167
0.5797135829925537
0.5780069828033447
0.6806845664978027
0.5809595584869385
0.47472071647644043
0.5681138038635254
0.3954939842224121
0.4853403568267822
0.3758738040924072
0.5774600505828857
0.5756580829620361
0.6882765293121338
0.4780702590942383
0.4883890151977539
0.575761079788208
0.6826817989349365
0.6864933967590332
0.47834110260009766
0.6792397499084473
0.6017343997955322
0.8807878494262695
0.7824251651763916
0.4777660369873047
0.5828025341033936
0.5806806087493896
0.5784845352172852
0.38028383255004883
0.48198461532592773
0.8835179805755615
0.47211289405822754
0.49067091941833496
0.8786003589630127
0.7837882041931152
1.0763821601867676
0.4816434383392334
0.8688805103302002
0.4974188804626465
0.4794774055480957
0.5874969959259033
0.4812953472137451
0.4824044704437256
0.48723387718200684
0.5828390121459961
0.6767063140869141
0.48198938369750977
0.7809691429138184
0.6899664402008057
0.5771715641021729
0.4823281764984131
0.7803804874420166
0.5917699337005615
0.5822148323059082
0.876112699508667
0.8809149265289307
1.079632043838501
0.47811412811279297
0.4885289669036865
0.6744861602783203
0.5770163536071777
0.5895993709564209
0.683586835861206
0.38607192039489746
0.4826984405517578
0.4825775623321533
0.5650022029876709
0.47974276542663574
0.3845705986022949
0.5824964046478271
0.5803301334381104
0.4902071952819824
0.4733443260192871
0.7864773273468018
0.578035831451416
0.6811504364013672
0.5834836959838867
0.5886242389678955
0.7788770198822021
0.482433557510376
0.6832590103149414
0.7801475524902344
0.48605942726135254
0.49262499809265137
0.8740239143371582
0.48984575271606445
0.48808860778808594
0.572486162185669
0.48355937004089355
0.8800456523895264
0.4948742389678955
0.5805325508117676
0.37620997428894043
0.5882349014282227
0.4777488708496094
0.5797317028045654
0.4729013442993164
0.6832220554351807
61.677271604537964
