0.6160151958465576
0.3807864189147949
0.574730396270752
0.585277795791626
0.4739096164703369
0.4803745746612549
0.5805516242980957
0.587151288986206
0.3871042728424072
0.47464680671691895
0.49474573135375977
0.5898098945617676
0.5794670581817627
0.4899892807006836
0.6767501831054688
0.6771407127380371
0.6849167346954346
0.38549137115478516
0.48325085639953613
0.48297953605651855
0.48044586181640625
0.4850943088531494
0.6804416179656982
0.977698802947998
0.4861180782318115
0.4863886833190918
0.6802847385406494
0.48375749588012695
0.4889092445373535
0.5777783393859863
0.7853543758392334
0.7792773246765137
0.6841535568237305
0.3843071460723877
0.485095739364624
0.5778405666351318
0.572807788848877
0.585742712020874
0.48705291748046875
0.7883598804473877
0.8767354488372803
0.6030416488647461
0.4824399948120117
0.8628060817718506
0.6880669593811035
0.7843835353851318
0.5819747447967529
0.3887348175048828
0.878284215927124
0.9844481945037842
0.6796009540557861
0.5762994289398193
0.4781055450439453
0.8883068561553955
0.5894885063171387
0.4840853214263916
0.48430919647216797
0.8180937767028809
0.4810347557067871
0.44980502128601074
0.5783469676971436
0.48716259002685547
0.5859146118164062
0.4844217300415039
0.573861837387085
0.588226318359375
0.5866596698760986
0.5762102603912354
0.4852769374847412
0.6726150512695312
0.6021907329559326
0.558713436126709
0.5838675498962402
0.8801181316375732
0.48116350173950195
0.4819624423980713
0.7792062759399414
0.7882235050201416
0.586266279220581
0.5847330093383789
0.5821425914764404
0.4801208972930908
0.5901458263397217
0.48244404792785645
0.5888645648956299
0.47822022438049316
0.690436840057373
0.5741794109344482
0.6855950355529785
0.983318567276001
0.38169336318969727
0.4812030792236328
0.783822774887085
0.5800704956054688
0.6810104846954346
0.685370922088623
0.47432923316955566
0.48349785804748535
0.787198543548584
0.5886235237121582
61.49056625366211
