0.6775071620941162
0.7906503677368164
0.5851542949676514
0.7923414707183838
0.6718993186950684
0.38251280784606934
0.6871743202209473
0.5780043601989746
0.47440409660339355
0.4893031120300293
0.38680362701416016
0.6800632476806641
0.6823017597198486
0.48401331901550293
0.9870965480804443
0.4759223461151123
0.47572922706604004
0.5828356742858887
0.7852685451507568
0.4813268184661865
0.4859139919281006
0.580087423324585
0.4870920181274414
0.687462568283081
0.377061128616333
0.5917823314666748
0.5853712558746338
0.5866990089416504
0.5885176658630371
0.5753564834594727
0.5759599208831787
0.47697019577026367
0.5757200717926025
0.5798683166503906
0.7872841358184814
0.5865488052368164
0.48302173614501953
0.5858712196350098
0.48052430152893066
0.7767767906188965
0.5896070003509521
0.985790491104126
0.49344921112060547
0.9682972431182861
0.5862407684326172
0.5791645050048828
0.4935891628265381
0.4732811450958252
0.6826300621032715
0.5820498466491699
0.6846425533294678
0.8753378391265869
0.6880104541778564
0.478870153427124
0.5906662940979004
0.38573169708251953
0.6853790283203125
0.48114895820617676
0.7880933284759521
0.9786136150360107
0.5809698104858398
0.6768090724945068
0.6869034767150879
0.4861874580383301
0.5731298923492432
0.5862729549407959
0.4826326370239258
0.5795228481292725
0.48882174491882324
0.3786203861236572
0.5797953605651855
0.3827192783355713
0.7857785224914551
0.5868909358978271
0.8801417350769043
0.4853065013885498
0.678969144821167
0.5851433277130127
0.6821601390838623
0.48404812812805176
0.3848755359649658
0.5911834239959717
0.5813753604888916
0.7842521667480469
0.4873850345611572
0.47788453102111816
0.5772781372070312
0.5852830410003662
0.6845166683197021
0.5741360187530518
0.3933284282684326
0.5882928371429443
0.47683215141296387
0.58197021484375
0.5807449817657471
0.9031600952148438
0.7608556747436523
0.4730818271636963
0.5885896682739258
0.5823466777801514
61.75547766685486
