0.47789621353149414
0.5811982154846191
0.38518524169921875
0.881525993347168
0.48741912841796875
0.678375244140625
0.8849971294403076
0.583493709564209
0.583057165145874
0.4894695281982422
0.583763599395752
0.5925416946411133
0.7806591987609863
0.5808231830596924
0.38239192962646484
0.6845996379852295
0.4769318103790283
0.5767927169799805
0.4850196838378906
0.8931803703308105
0.5787508487701416
0.78409743309021
0.684441089630127
0.48064351081848145
0.48060083389282227
0.5716772079467773
0.7826559543609619
0.5815556049346924
0.5821640491485596
0.480557918548584
0.5877552032470703
0.48476576805114746
0.6812372207641602
0.485065221786499
0.9757394790649414
0.6909751892089844
0.5850486755371094
0.7896897792816162
0.48123645782470703
0.8792805671691895
0.48726749420166016
0.475830078125
0.5839633941650391
0.39145636558532715
0.3932220935821533
0.471937894821167
0.584172248840332
0.579768180847168
0.4690380096435547
0.687330961227417
0.5843489170074463
0.696774959564209
1.1779088973999023
0.5800909996032715
0.873110294342041
0.5901045799255371
0.48024654388427734
0.7853429317474365
0.48311662673950195
0.5860261917114258
0.508075475692749
0.5798006057739258
0.5855298042297363
0.5777623653411865
0.48703908920288086
0.5825333595275879
0.48681211471557617
0.48400139808654785
0.6875126361846924
0.5754215717315674
0.8837101459503174
0.7624466419219971
0.5827181339263916
0.7778775691986084
0.5831425189971924
0.48564577102661133
0.48173093795776367
0.3846931457519531
0.6774795055389404
0.6858556270599365
0.4789760112762451
0.38108372688293457
0.580153226852417
0.48520970344543457
0.580507755279541
0.5887699127197266
0.5951707363128662
0.578446626663208
0.5066525936126709
0.4581444263458252
0.5806481838226318
0.7891128063201904
0.8737747669219971
0.4780595302581787
0.5852601528167725
0.5865902900695801
0.7817032337188721
0.5795011520385742
0.777742862701416
0.5882434844970703
62.16291522979736
