0.6208367347717285
0.48381495475769043
0.6827435493469238
0.5810487270355225
0.588801383972168
0.4864485263824463
0.7789082527160645
0.4837372303009033
0.3770110607147217
0.4837179183959961
0.47831225395202637
0.5909345149993896
0.5761837959289551
0.48173046112060547
0.589768648147583
0.6849136352539062
0.5757274627685547
0.48419857025146484
0.5863890647888184
0.8808422088623047
0.5843682289123535
0.5950860977172852
0.5853378772735596
0.5859556198120117
0.6885678768157959
0.4724438190460205
0.6714317798614502
0.3835437297821045
0.8784468173980713
0.48486757278442383
0.5808908939361572
0.5843682289123535
0.5790905952453613
0.589996337890625
0.576568603515625
0.5800538063049316
0.6830503940582275
0.48236680030822754
0.4890153408050537
0.8799176216125488
0.4766390323638916
0.3952467441558838
0.5762128829956055
0.5744888782501221
0.5763192176818848
0.47830653190612793
0.478621244430542
0.6790990829467773
0.5753471851348877
0.4888143539428711
0.587543249130249
0.48444151878356934
0.5823981761932373
0.5828022956848145
0.785163402557373
0.5910122394561768
0.4781227111816406
0.48451662063598633
0.48453497886657715
0.4855654239654541
0.6910736560821533
0.3804447650909424
0.5790493488311768
0.49204397201538086
0.4859027862548828
0.47524356842041016
0.48227357864379883
0.684844970703125
0.38907504081726074
0.7933349609375
0.4801981449127197
0.4611959457397461
0.48845529556274414
0.4893796443939209
0.6844463348388672
0.6905651092529297
0.5775454044342041
0.9699678421020508
0.7774701118469238
0.784658670425415
0.5825536251068115
0.3871183395385742
0.5860347747802734
0.5740926265716553
0.47914671897888184
0.48665952682495117
0.8784756660461426
0.7812867164611816
0.3780481815338135
0.48514652252197266
0.49465012550354004
0.5768353939056396
0.585198163986206
0.5821325778961182
0.5814895629882812
0.5708563327789307
0.4879415035247803
0.7752563953399658
0.5821492671966553
0.9837245941162109
59.97258710861206
