0.49713826179504395
0.8947632312774658
0.5794475078582764
0.4694986343383789
0.49102139472961426
0.5830655097961426
0.5636751651763916
0.6792068481445312
0.6736657619476318
0.6834585666656494
0.5782146453857422
0.6870715618133545
0.4764833450317383
0.591820478439331
0.5839831829071045
0.7824382781982422
0.38335514068603516
0.4807276725769043
0.4814140796661377
0.47014522552490234
0.48449087142944336
0.6797585487365723
0.48007845878601074
0.47964024543762207
0.5831320285797119
0.48278141021728516
0.786630392074585
0.6826295852661133
0.48194265365600586
0.6862659454345703
0.37250399589538574
0.6849100589752197
0.5826668739318848
0.5813486576080322
0.7840182781219482
0.6778175830841064
0.5784213542938232
0.5801682472229004
0.9794647693634033
0.5833735466003418
0.5872032642364502
0.3848989009857178
0.5788528919219971
0.8797380924224854
0.5874438285827637
0.6953287124633789
0.47747039794921875
0.5812745094299316
0.6692490577697754
0.5798783302307129
0.47970008850097656
0.5870661735534668
0.67913818359375
0.6833152770996094
0.5841362476348877
0.7829349040985107
0.8812670707702637
0.9792585372924805
0.48347949981689453
0.4852132797241211
0.4680912494659424
0.48789119720458984
0.48723411560058594
0.5876078605651855
0.5779993534088135
0.48041749000549316
0.6815202236175537
0.49236464500427246
0.783977746963501
0.6814532279968262
0.7727634906768799
0.5848066806793213
0.3842597007751465
0.5767502784729004
0.48529863357543945
0.596869945526123
0.8836565017700195
0.3720686435699463
0.680474042892456
0.578373908996582
0.6797242164611816
0.8845791816711426
0.591536283493042
0.4833180904388428
0.4748878479003906
0.5757400989532471
0.5856277942657471
0.48662829399108887
0.6772313117980957
0.49244236946105957
0.47946882247924805
1.0821900367736816
0.5798897743225098
0.6776320934295654
0.49135565757751465
0.4799463748931885
0.8768959045410156
0.8887412548065186
0.5747597217559814
0.4811735153198242
62.570035457611084
