0.6778581142425537
0.6901350021362305
0.8813371658325195
0.5836019515991211
0.7792739868164062
0.684185266494751
0.7906129360198975
0.5815467834472656
0.89312744140625
0.47326183319091797
0.4808685779571533
0.7851231098175049
0.4780278205871582
0.3832821846008301
0.7815985679626465
0.5811750888824463
0.4854114055633545
0.8839888572692871
0.5826084613800049
0.3829615116119385
0.6757845878601074
0.5798037052154541
0.48924708366394043
0.580721378326416
0.577451229095459
0.5826623439788818
0.5819611549377441
0.680713415145874
0.4845860004425049
0.5668425559997559
0.791400671005249
0.7720680236816406
0.7889997959136963
0.877544641494751
0.4921865463256836
0.5771760940551758
0.48746657371520996
0.7797913551330566
0.6828112602233887
0.6878254413604736
0.5836706161499023
0.6739621162414551
0.791510820388794
0.692451000213623
0.4734952449798584
0.7773115634918213
0.5895586013793945
0.8752188682556152
0.5905013084411621
0.7819576263427734
0.7747948169708252
0.6922330856323242
0.48056626319885254
0.884260892868042
0.3898732662200928
0.7809634208679199
0.4862637519836426
0.7807116508483887
0.7737905979156494
0.5855627059936523
0.5784420967102051
0.49021267890930176
0.5775225162506104
0.48586058616638184
0.6750550270080566
0.38803577423095703
0.48849058151245117
0.47677135467529297
0.6783089637756348
0.48348021507263184
0.489459753036499
0.4778304100036621
0.5837366580963135
0.6855275630950928
0.5819900035858154
0.4815514087677002
0.8830902576446533
0.5880727767944336
0.5783958435058594
0.7809457778930664
0.4867067337036133
0.5770092010498047
0.4855790138244629
0.5850403308868408
0.48102879524230957
0.6834816932678223
0.7857604026794434
0.4787914752960205
0.6838815212249756
0.48258328437805176
0.7891619205474854
0.5810039043426514
0.4817807674407959
0.5828852653503418
0.486081600189209
0.5830450057983398
0.6135158538818359
0.6820878982543945
0.587705135345459
0.545703649520874
63.973610639572144
