0.5838029384613037
0.44434213638305664
0.6886296272277832
0.5810503959655762
0.4808776378631592
0.6955306529998779
0.8767917156219482
0.8727648258209229
0.6744201183319092
0.5876433849334717
0.48338842391967773
0.6193618774414062
0.48790860176086426
0.7848248481750488
0.5451719760894775
0.777503490447998
0.4837031364440918
0.5789196491241455
0.37958741188049316
0.7779407501220703
0.48508358001708984
0.5891661643981934
0.687748908996582
0.4744710922241211
0.48457837104797363
0.6840646266937256
0.5676000118255615
0.4854316711425781
0.4767794609069824
0.4833037853240967
0.68337082862854
0.4793055057525635
0.6915147304534912
0.5791130065917969
0.474320650100708
0.8816840648651123
0.6782243251800537
0.5862677097320557
0.4834144115447998
0.7806222438812256
0.5880215167999268
0.47029876708984375
0.777672290802002
0.48925137519836426
0.5775396823883057
0.4727747440338135
0.6745889186859131
0.5869793891906738
0.582533597946167
0.6864924430847168
0.47269153594970703
0.691981315612793
0.46632933616638184
0.5884840488433838
0.5853700637817383
0.6928648948669434
0.47585535049438477
0.4691801071166992
0.4772145748138428
0.6813864707946777
0.5847523212432861
0.48236823081970215
0.5710041522979736
0.6901006698608398
0.4839966297149658
0.476698637008667
0.579615592956543
0.7835907936096191
0.6812126636505127
0.5834167003631592
0.9809601306915283
0.48490142822265625
0.7895009517669678
0.58066725730896
0.5735523700714111
0.6824133396148682
0.7842257022857666
0.6786072254180908
0.5868306159973145
0.9669146537780762
0.48647093772888184
0.6881227493286133
0.39327216148376465
0.5937299728393555
0.6809320449829102
0.6760399341583252
0.5740187168121338
0.4853355884552002
0.49024438858032227
0.5778982639312744
0.5760610103607178
0.682936429977417
0.6790032386779785
0.48459529876708984
0.5915040969848633
0.47206926345825195
0.4879002571105957
0.7823405265808105
0.7943589687347412
0.3805527687072754
62.139134883880615
