0.5336217880249023
0.5746815204620361
0.4629037380218506
0.48911213874816895
0.4797084331512451
0.5810573101043701
0.6830408573150635
0.4968373775482178
0.6593184471130371
0.5851705074310303
0.4814114570617676
0.882953405380249
0.7879910469055176
0.5791299343109131
0.8743066787719727
0.5821795463562012
0.7868657112121582
0.5806927680969238
0.8817436695098877
0.5791831016540527
0.6830766201019287
0.7883048057556152
0.5918121337890625
0.4894704818725586
0.4753115177154541
0.5940239429473877
0.5711579322814941
0.982093095779419
0.6820173263549805
0.5784332752227783
0.589984655380249
0.880629301071167
0.5877790451049805
0.4885365962982178
0.5817852020263672
0.7827804088592529
0.4844048023223877
0.8794522285461426
0.5791451930999756
0.4833371639251709
0.5829412937164307
0.8815722465515137
0.4885673522949219
0.7799780368804932
0.3906667232513428
0.5852756500244141
0.4843616485595703
0.7791831493377686
0.4866023063659668
0.7815001010894775
0.5788700580596924
0.6843404769897461
0.4845113754272461
0.5792882442474365
0.4929208755493164
0.9790740013122559
0.5772721767425537
0.4812767505645752
0.5821852684020996
0.8805830478668213
0.48641204833984375
0.5827083587646484
0.49023938179016113
0.5784621238708496
0.580000638961792
0.584265947341919
0.5747921466827393
0.48576974868774414
0.5901825428009033
0.4911026954650879
0.5774424076080322
0.5873420238494873
0.8757002353668213
0.4833376407623291
0.8777258396148682
0.595365047454834
0.6766035556793213
0.5854091644287109
0.6928000450134277
0.480374813079834
0.8809330463409424
0.48879122734069824
0.5775384902954102
0.5824301242828369
0.6970486640930176
0.5843656063079834
0.5792467594146729
0.7716047763824463
0.48874855041503906
0.47956323623657227
0.5796782970428467
0.8874199390411377
0.5764334201812744
0.5807352066040039
0.3888556957244873
0.4822695255279541
0.5843584537506104
0.5755534172058105
0.4914994239807129
0.5773642063140869
63.39115262031555
