0.48244380950927734
0.5230872631072998
0.49205565452575684
0.7190561294555664
0.6314327716827393
0.4949324131011963
0.6283767223358154
0.5339608192443848
0.5024538040161133
0.727985143661499
0.6013901233673096
0.8192362785339355
0.6294193267822266
0.8293032646179199
0.6396913528442383
0.5341544151306152
0.8006367683410645
0.6063694953918457
0.6248011589050293
0.48326754570007324
0.2639167308807373
0.8190674781799316
0.6328814029693604
0.4358556270599365
0.7140307426452637
0.6443710327148438
0.7329285144805908
0.7176690101623535
0.6265475749969482
0.4129035472869873
0.523827075958252
0.575711727142334
0.8314659595489502
0.530834436416626
0.8206875324249268
0.5233244895935059
0.6015818119049072
0.8350932598114014
0.9989917278289795
0.4395265579223633
0.6218581199645996
0.5190951824188232
0.42427515983581543
0.5261938571929932
0.8259320259094238
0.630427360534668
0.49671196937561035
0.4376645088195801
0.5294182300567627
0.5920472145080566
0.6330540180206299
0.5363864898681641
0.5240209102630615
0.7109718322753906
0.6283595561981201
0.8345236778259277
0.620276927947998
0.5361068248748779
0.629894495010376
0.518608808517456
0.4071333408355713
0.5286142826080322
0.6949763298034668
0.38723134994506836
0.40610408782958984
0.6214041709899902
0.5054936408996582
0.5340378284454346
0.5249991416931152
0.7231655120849609
0.6295897960662842
0.6328129768371582
0.6373937129974365
0.7342312335968018
0.43237733840942383
0.6252899169921875
0.6033952236175537
0.7272701263427734
0.5480687618255615
0.6803843975067139
0.7201356887817383
0.6129961013793945
0.6327886581420898
0.8884611129760742
0.6251580715179443
0.8205149173736572
0.43233537673950195
0.5271279811859131
0.6034092903137207
0.6306929588317871
0.8057289123535156
0.6381022930145264
0.53287672996521
0.5267553329467773
0.6198947429656982
0.5126442909240723
0.3939831256866455
0.7244164943695068
0.7413327693939209
0.6323254108428955
68.95112299919128
