0.7381525039672852
0.535386323928833
0.71728515625
0.606675386428833
0.6417133808135986
0.8347558975219727
0.8315627574920654
0.49427103996276855
0.423734188079834
0.5415422916412354
0.7231996059417725
0.6243786811828613
0.6182713508605957
0.6237137317657471
0.7325682640075684
0.7311944961547852
0.7258296012878418
0.7026259899139404
0.624953031539917
0.5013868808746338
0.6210088729858398
0.7280771732330322
0.6278872489929199
0.6000862121582031
0.8164474964141846
0.5285904407501221
0.6388106346130371
0.624293327331543
0.617640495300293
0.4366323947906494
0.6225903034210205
0.7380266189575195
0.7448484897613525
0.5106520652770996
0.5179815292358398
0.5061640739440918
0.5254614353179932
0.6314327716827393
0.6270701885223389
0.7297065258026123
0.4309265613555908
0.7245783805847168
0.624617338180542
0.5013058185577393
0.6250872611999512
0.5253093242645264
0.5899507999420166
0.6229565143585205
0.6287519931793213
0.6000354290008545
0.6331000328063965
0.43132543563842773
0.520122766494751
0.7197422981262207
0.627619743347168
0.6297013759613037
0.42169761657714844
0.43497323989868164
0.5411126613616943
0.6398923397064209
0.6190907955169678
0.6248273849487305
0.7297525405883789
0.5258135795593262
0.6956784725189209
0.7395663261413574
0.5019063949584961
0.5259718894958496
0.7214012145996094
0.6085202693939209
0.6007821559906006
0.6167240142822266
0.6262524127960205
0.6293914318084717
0.533499002456665
0.9211163520812988
0.5399892330169678
0.5152053833007812
0.6370031833648682
0.7852370738983154
0.6306216716766357
0.44100284576416016
0.6351428031921387
0.7324681282043457
0.631742000579834
0.6232290267944336
0.6381700038909912
0.7213983535766602
0.8231856822967529
0.723365068435669
0.5381104946136475
0.5969793796539307
0.7166082859039307
0.43502211570739746
0.7298943996429443
0.7140226364135742
0.5064747333526611
0.7274932861328125
0.6288089752197266
0.8993158340454102
70.497323513031
