0.6085383892059326
0.4397561550140381
0.5111539363861084
0.4266390800476074
0.5460927486419678
0.6219110488891602
0.4286613464355469
0.7323489189147949
0.7281451225280762
0.6382644176483154
0.7291274070739746
0.5257039070129395
0.5303845405578613
0.5932669639587402
0.5178041458129883
0.640655517578125
0.6281750202178955
0.5267956256866455
0.4462263584136963
0.7233259677886963
0.614112377166748
0.5895130634307861
0.8333847522735596
0.5309138298034668
0.5009880065917969
0.5244677066802979
0.5371201038360596
0.6230981349945068
0.8285837173461914
0.5083668231964111
0.5359537601470947
0.6347887516021729
0.5329880714416504
0.4200737476348877
0.4219698905944824
0.6051526069641113
0.6336812973022461
0.5482945442199707
0.5462477207183838
0.8002417087554932
0.5307836532592773
0.5202357769012451
0.5242276191711426
0.8345198631286621
0.4423210620880127
0.49782562255859375
0.5964391231536865
0.7381923198699951
0.5245232582092285
0.5838918685913086
0.6252751350402832
0.5021283626556396
0.7219429016113281
0.7273867130279541
0.5362122058868408
0.7347662448883057
0.8244307041168213
0.6252822875976562
0.5084857940673828
0.7295191287994385
0.6449131965637207
0.7227258682250977
0.6225137710571289
0.6306803226470947
0.8336284160614014
0.6350901126861572
0.5342433452606201
0.5820221900939941
0.5069458484649658
0.39566755294799805
0.5802898406982422
0.7204523086547852
0.6056404113769531
0.63252854347229
0.7254273891448975
0.5292196273803711
0.6378433704376221
0.6268277168273926
0.6203746795654297
0.6059377193450928
0.5928621292114258
0.5256085395812988
0.648561954498291
0.8045659065246582
0.5194716453552246
0.5311148166656494
0.6317217350006104
0.7262723445892334
0.5250251293182373
0.6978733539581299
0.829348087310791
0.8455405235290527
0.4924283027648926
0.6957330703735352
0.531146764755249
0.7256348133087158
0.8299648761749268
0.43335580825805664
0.503544807434082
0.7210566997528076
68.57299280166626
