0.5993454456329346
0.3967568874359131
0.6227266788482666
0.6154294013977051
0.5349233150482178
0.7084074020385742
0.7361392974853516
0.5317189693450928
0.6274075508117676
0.5216012001037598
0.5246672630310059
0.6366465091705322
0.5870101451873779
0.734485387802124
0.6314258575439453
0.5352680683135986
0.4225766658782959
0.7309508323669434
0.5012850761413574
0.6250874996185303
0.63275146484375
0.5243420600891113
0.5994939804077148
0.6312026977539062
0.38907790184020996
0.7290751934051514
0.7328023910522461
0.5355315208435059
0.8798742294311523
0.5314469337463379
0.5931801795959473
0.6359095573425293
0.602250337600708
0.6327247619628906
0.62624192237854
0.4976193904876709
0.5306031703948975
0.7285964488983154
0.5379805564880371
0.5287225246429443
0.730860710144043
0.6434330940246582
0.7127120494842529
0.6300323009490967
0.6261234283447266
0.516704797744751
0.5352630615234375
0.6284575462341309
0.6156105995178223
0.616227388381958
0.5331594944000244
0.5284550189971924
0.6263434886932373
0.4968900680541992
0.8210828304290771
0.6318027973175049
0.522589921951294
0.5420742034912109
0.8366997241973877
0.6274919509887695
0.5765352249145508
0.5101907253265381
0.49443531036376953
0.7341251373291016
0.62557053565979
0.7327010631561279
0.5442039966583252
0.4867823123931885
0.49901914596557617
0.6344101428985596
0.5975501537322998
0.6208300590515137
0.5312008857727051
0.7164726257324219
0.6359612941741943
0.6347084045410156
0.6311943531036377
0.7212584018707275
0.5359561443328857
0.4943873882293701
0.6160895824432373
0.6303462982177734
0.7193927764892578
0.6367225646972656
0.429699182510376
0.5372087955474854
0.631697416305542
0.527907133102417
0.524630069732666
0.43567633628845215
0.5175135135650635
0.6098659038543701
0.5727410316467285
0.5254788398742676
0.7208051681518555
0.6068353652954102
0.7275114059448242
0.6264657974243164
0.6229040622711182
0.5980594158172607
67.97952342033386
