0.7029213905334473
0.6282253265380859
0.7180149555206299
0.6332309246063232
0.5198571681976318
0.522348165512085
0.6292717456817627
0.7359821796417236
0.6918907165527344
0.42870569229125977
0.5269789695739746
0.7351315021514893
0.6059000492095947
0.7089076042175293
0.6153748035430908
0.5157690048217773
0.6380524635314941
0.630286455154419
0.49691009521484375
0.5381276607513428
0.5056436061859131
0.6180319786071777
0.7415359020233154
0.5297489166259766
0.48878931999206543
0.5895109176635742
0.6213302612304688
0.5340170860290527
0.6330323219299316
0.5981030464172363
0.5983626842498779
0.6223516464233398
0.5231537818908691
0.5966935157775879
0.5976314544677734
0.7285251617431641
0.5821130275726318
0.6081082820892334
0.7242486476898193
0.5315449237823486
0.7280600070953369
0.5897650718688965
0.7330293655395508
0.5908949375152588
0.5427272319793701
0.5196657180786133
0.7962276935577393
0.6002488136291504
0.5418510437011719
0.6171863079071045
0.7299268245697021
0.40526914596557617
0.5253922939300537
0.6150028705596924
0.44030189514160156
0.5324018001556396
0.5878279209136963
0.7017765045166016
0.833315372467041
0.5393664836883545
0.9190707206726074
0.6265096664428711
0.6353983879089355
0.5023150444030762
0.5935149192810059
0.4314751625061035
0.8271918296813965
0.5253012180328369
0.6457791328430176
0.41254591941833496
0.7194466590881348
0.6191022396087646
0.8355913162231445
0.4466080665588379
0.8098900318145752
0.6835970878601074
0.5003008842468262
0.526817798614502
0.6168222427368164
0.4840586185455322
0.5358161926269531
0.5960912704467773
0.601041316986084
0.6255850791931152
0.6358366012573242
0.7386050224304199
0.626063346862793
0.5315356254577637
0.4233584403991699
0.5304872989654541
0.7190093994140625
0.6317193508148193
0.5056872367858887
0.6107621192932129
0.5180165767669678
0.5162675380706787
0.8363246917724609
0.3769998550415039
0.6364331245422363
0.43353843688964844
68.47970986366272
