0.4089064598083496
0.52644944190979
0.724433422088623
0.741173267364502
0.5103588104248047
0.6272523403167725
0.5982077121734619
0.5325586795806885
0.6224627494812012
0.4410135746002197
0.5214295387268066
0.5294528007507324
0.5450789928436279
0.8152239322662354
0.5285375118255615
0.7340543270111084
0.7011351585388184
0.7293362617492676
0.534426212310791
0.6236135959625244
0.6430716514587402
0.5260541439056396
0.6284563541412354
0.4231441020965576
0.7256321907043457
0.9204246997833252
0.4981679916381836
0.5019299983978271
0.7271888256072998
0.6306216716766357
0.532792329788208
0.5270721912384033
0.8188478946685791
0.5197956562042236
0.6342990398406982
0.7300524711608887
0.6878824234008789
0.5996451377868652
0.5885052680969238
0.7205142974853516
0.626516580581665
0.6389803886413574
0.6336367130279541
0.6997570991516113
0.890744686126709
0.43575358390808105
0.9283187389373779
0.5042939186096191
0.4328601360321045
0.5930030345916748
0.510880708694458
0.9245152473449707
0.6858582496643066
0.5956482887268066
0.6288878917694092
0.4237847328186035
0.6379163265228271
0.7342054843902588
0.5374047756195068
0.7172422409057617
0.535057783126831
0.5365188121795654
0.8454928398132324
0.6213350296020508
0.5250341892242432
0.6307644844055176
0.5384619235992432
0.7189474105834961
0.5343992710113525
0.7141225337982178
0.6222507953643799
0.6421139240264893
0.42469191551208496
0.6217391490936279
0.6258101463317871
0.6342926025390625
0.5292870998382568
0.7432405948638916
0.5960361957550049
0.531017541885376
0.8042082786560059
0.5912854671478271
0.4454176425933838
0.6359107494354248
0.7306106090545654
0.5343887805938721
0.6414222717285156
0.7265653610229492
0.5218217372894287
0.4847145080566406
0.5022709369659424
0.5145623683929443
1.003650426864624
0.5991828441619873
0.5264139175415039
0.7374668121337891
0.4200406074523926
0.6323080062866211
0.6323037147521973
0.5133833885192871
69.5064640045166
