0.5136735439300537
0.7297616004943848
0.8209249973297119
0.6045596599578857
0.7257852554321289
0.6168277263641357
0.7305817604064941
0.6321980953216553
0.5371553897857666
0.831305980682373
0.5294485092163086
0.5396606922149658
0.6283316612243652
0.4961662292480469
0.5373363494873047
0.8194766044616699
0.6287186145782471
0.6254394054412842
0.6389355659484863
0.5289244651794434
0.5103728771209717
0.52982497215271
0.739201545715332
0.6012940406799316
0.6310756206512451
0.5379910469055176
0.6291496753692627
0.6297266483306885
0.529655933380127
0.6190981864929199
0.8100070953369141
0.6272339820861816
0.7226073741912842
0.7304065227508545
0.5264770984649658
0.6336791515350342
0.8224794864654541
0.6363158226013184
0.6288204193115234
0.535597562789917
0.49782752990722656
0.6470096111297607
0.576486349105835
0.5239748954772949
0.7371644973754883
0.5347998142242432
0.5996019840240479
0.7339117527008057
0.7320666313171387
0.7266256809234619
0.4493694305419922
0.7331409454345703
0.5287959575653076
0.6060762405395508
0.7323424816131592
0.703923225402832
0.42568492889404297
0.5361983776092529
0.5388128757476807
0.6019918918609619
0.5275859832763672
0.624974250793457
0.638106107711792
0.5305688381195068
0.7239522933959961
0.6388847827911377
0.7284500598907471
0.5264194011688232
0.6347439289093018
0.7297158241271973
0.6053380966186523
0.6236028671264648
0.6164705753326416
0.7326793670654297
0.44080042839050293
0.5189793109893799
0.5964505672454834
0.599560022354126
0.5316216945648193
0.5188069343566895
0.7262833118438721
0.6363284587860107
0.6266446113586426
0.5293886661529541
0.6171505451202393
0.7354941368103027
0.502265214920044
0.505516767501831
0.7268011569976807
0.6352112293243408
0.7346384525299072
0.8346872329711914
0.7352111339569092
0.5214118957519531
0.520998477935791
0.4403817653656006
0.7265081405639648
0.6328368186950684
0.6360599994659424
0.4312899112701416
69.47656655311584
