0.5044147968292236
0.7302465438842773
0.7337431907653809
0.7307932376861572
0.5300886631011963
0.5260508060455322
0.5265696048736572
0.5338394641876221
0.5351583957672119
0.6313180923461914
0.5167596340179443
0.6289172172546387
0.7359480857849121
0.6374585628509521
0.3905501365661621
0.5013852119445801
0.6425600051879883
0.5233991146087646
0.43187880516052246
0.5998811721801758
0.7330725193023682
0.8377916812896729
0.5193941593170166
0.7250118255615234
0.4968724250793457
0.6297950744628906
0.737260103225708
0.48206591606140137
0.6391870975494385
0.5269029140472412
0.7219915390014648
0.7339046001434326
0.6310756206512451
0.8381762504577637
0.43691587448120117
0.8245635032653809
0.5112876892089844
0.538642168045044
0.6338016986846924
0.6309294700622559
0.7205708026885986
0.5386571884155273
0.7259604930877686
0.5345196723937988
0.6293613910675049
0.5251846313476562
0.7320423126220703
0.702326774597168
0.5322809219360352
0.5272431373596191
0.6386508941650391
0.6246073246002197
0.6228663921356201
0.4934530258178711
0.6945517063140869
0.7260570526123047
0.63588547706604
0.44096970558166504
0.6560189723968506
0.5271282196044922
0.7371244430541992
0.4355196952819824
0.5281915664672852
0.6266515254974365
0.7002601623535156
0.6265485286712646
0.5940032005310059
0.47240662574768066
0.5238034725189209
0.6313414573669434
0.5338778495788574
0.5231657028198242
0.6271026134490967
0.6272029876708984
0.6284079551696777
0.6380953788757324
0.37513232231140137
0.6255393028259277
0.6336328983306885
0.6286840438842773
0.716630220413208
0.6273491382598877
0.7297501564025879
0.49391794204711914
0.7290523052215576
0.6301157474517822
0.5904877185821533
0.39507389068603516
0.6139507293701172
0.640031099319458
0.6171004772186279
0.43646240234375
0.8383994102478027
0.5209980010986328
0.6317329406738281
0.5385546684265137
0.7423293590545654
0.5329334735870361
0.8088247776031494
0.7328784465789795
68.66662406921387
