0.4805610179901123
0.5241549015045166
0.6092185974121094
0.5279626846313477
0.6349685192108154
0.6246466636657715
0.7215719223022461
0.5970919132232666
0.5301501750946045
0.5180833339691162
0.6328036785125732
0.7285716533660889
0.6310262680053711
0.7231371402740479
0.6272754669189453
0.6226589679718018
0.516761064529419
0.43161678314208984
0.5475475788116455
0.6196773052215576
0.8307003974914551
0.5409250259399414
0.6954271793365479
0.5270447731018066
0.5443477630615234
0.618220329284668
0.729119062423706
0.5125327110290527
0.6153388023376465
0.5364866256713867
0.5004832744598389
0.7100162506103516
0.7034385204315186
0.7322800159454346
0.6013009548187256
0.7440221309661865
0.420560359954834
0.6575026512145996
0.6101479530334473
0.5250377655029297
0.5372734069824219
0.6238412857055664
0.5406832695007324
0.8202729225158691
0.800135612487793
0.616032600402832
0.504500150680542
0.5033197402954102
0.5316874980926514
0.5212357044219971
0.7346217632293701
0.48987579345703125
0.6301684379577637
0.62253737449646
0.5991976261138916
0.7020153999328613
0.5388600826263428
0.7185139656066895
0.5835549831390381
0.5193579196929932
0.5155150890350342
0.7966775894165039
1.0360660552978516
0.6304714679718018
0.6373343467712402
0.6120719909667969
0.7646379470825195
0.5691888332366943
0.6366589069366455
0.5332925319671631
0.6225826740264893
0.5299608707427979
0.6380271911621094
0.7289822101593018
0.5063803195953369
0.6161153316497803
0.8331212997436523
0.6319599151611328
0.636317253112793
0.8931801319122314
0.5153162479400635
0.5255615711212158
0.5337514877319336
0.6101748943328857
0.5378391742706299
0.7135655879974365
0.5307719707489014
0.6235127449035645
0.5258634090423584
0.539567232131958
0.5303440093994141
0.5418994426727295
0.5369799137115479
0.5966527462005615
0.9228682518005371
0.5431528091430664
0.6885457038879395
0.6474528312683105
0.5213582515716553
0.43505096435546875
69.078449010849
