0.49373292922973633
0.5273315906524658
0.7251856327056885
0.6309216022491455
0.7149829864501953
0.5389587879180908
0.6260557174682617
0.6081283092498779
0.6261322498321533
0.5365843772888184
0.6306536197662354
0.599437952041626
0.5980849266052246
0.6341145038604736
0.625009298324585
0.6322247982025146
0.6237976551055908
0.8545100688934326
0.5773441791534424
0.5353920459747314
0.6292712688446045
0.6281623840332031
0.7221457958221436
0.628920316696167
0.43848657608032227
0.6068806648254395
0.6326611042022705
0.6477682590484619
0.7150704860687256
0.6402168273925781
0.5285625457763672
0.9291014671325684
0.6316230297088623
0.6170351505279541
0.6346409320831299
0.723635196685791
0.5324723720550537
0.5915367603302002
0.6201426982879639
0.5174446105957031
0.6259734630584717
0.4933466911315918
0.528400182723999
0.6218864917755127
0.7230417728424072
0.5512716770172119
0.629065752029419
0.7146952152252197
0.6218371391296387
0.6353051662445068
0.695702075958252
0.7225420475006104
0.6303689479827881
0.5235881805419922
0.7248678207397461
0.7340846061706543
0.43747878074645996
0.5278329849243164
0.5976424217224121
0.8197247982025146
0.4859011173248291
0.7288930416107178
0.5006399154663086
0.6240158081054688
0.5013365745544434
0.6246640682220459
0.6221122741699219
0.5990417003631592
0.5798323154449463
0.406536340713501
0.7367770671844482
0.6251809597015381
0.5298962593078613
0.500880241394043
0.632620096206665
0.6384243965148926
0.7273669242858887
0.7312407493591309
0.5263104438781738
0.5892307758331299
0.7160139083862305
0.6374399662017822
0.519554615020752
0.6352150440216064
0.7012948989868164
0.628350019454956
0.7352290153503418
0.5895142555236816
0.533564567565918
0.7322466373443604
0.5970621109008789
0.6344723701477051
0.6304552555084229
0.44026899337768555
0.6156659126281738
0.7283730506896973
0.40398263931274414
0.6317052841186523
0.638432502746582
0.5177452564239502
69.46169304847717
