2.72894287109375
2.5364456176757812
2.5363497734069824
2.9020774364471436
2.3276634216308594
1.0693333148956299
0.9120264053344727
1.0920100212097168
2.780795097351074
1.251643419265747
1.2727720737457275
2.1846795082092285
2.748948574066162
0.8817121982574463
1.7342500686645508
2.0164880752563477
2.243279218673706
2.265872001647949
1.2025487422943115
1.2152554988861084
1.2980146408081055
1.3533599376678467
4.09372878074646
3.5487167835235596
1.1751503944396973
3.6973049640655518
3.017350912094116
2.851330041885376
1.9472935199737549
1.0775420665740967
0.893660306930542
3.6941444873809814
3.2743141651153564
1.4846878051757812
0.9891269207000732
2.9121031761169434
1.6594960689544678
2.5022494792938232
1.9779272079467773
1.7407097816467285
1.3128197193145752
3.357419013977051
0.8971984386444092
1.5636374950408936
1.4302711486816406
1.0742995738983154
2.064574956893921
1.0997943878173828
2.4852209091186523
2.681107521057129
3.899287223815918
2.3665595054626465
3.4752373695373535
2.691319465637207
0.9814178943634033
2.654261589050293
0.8074755668640137
2.0782647132873535
1.1949598789215088
1.069291591644287
1.1808042526245117
1.0834064483642578
0.9789862632751465
1.5685360431671143
1.1110458374023438
2.0438194274902344
2.443899154663086
2.5665316581726074
1.084721326828003
2.2868564128875732
1.8569231033325195
1.6461472511291504
1.1631298065185547
2.1062488555908203
2.184185028076172
2.7210469245910645
1.1791954040527344
3.3984270095825195
1.658144474029541
0.9845552444458008
1.6625146865844727
1.0971550941467285
2.0631768703460693
1.9479777812957764
1.2938930988311768
1.0772078037261963
1.5520806312561035
2.9477763175964355
2.8036727905273438
1.6023898124694824
1.5858047008514404
1.7554869651794434
0.9725065231323242
2.5674338340759277
0.884512186050415
2.2642786502838135
1.959550380706787
0.8965165615081787
1.0802593231201172
2.4394032955169678
41.093048334121704
