1.213230848312378
2.4068822860717773
1.1115691661834717
2.972637176513672
3.269932270050049
1.2585177421569824
2.306629180908203
2.413219928741455
2.553818702697754
1.1762876510620117
3.4359731674194336
1.5608854293823242
1.4506921768188477
0.7728865146636963
1.0524260997772217
2.564051628112793
0.9836905002593994
1.2772960662841797
1.164764404296875
1.1810331344604492
5.310433626174927
2.1528518199920654
4.1801598072052
0.9651443958282471
1.1801116466522217
5.594496011734009
1.968982458114624
1.1045520305633545
2.8577773571014404
0.6904504299163818
1.1964144706726074
1.194345474243164
3.1980674266815186
0.9957766532897949
4.091131687164307
0.8812735080718994
2.6771130561828613
3.081245183944702
2.6603593826293945
1.9913649559020996
2.5659019947052
1.4729576110839844
1.0645008087158203
1.371049165725708
1.669844150543213
0.7925119400024414
0.8627336025238037
1.0813043117523193
0.7949206829071045
3.575648784637451
2.672541379928589
0.9856789112091064
2.1392650604248047
2.7732512950897217
2.4555463790893555
1.193204641342163
2.239630699157715
1.0998752117156982
1.3019542694091797
2.587871551513672
0.8799991607666016
3.014197826385498
2.4516656398773193
3.969744920730591
0.8895187377929688
1.1708760261535645
1.0062932968139648
1.6813371181488037
2.5787370204925537
0.8562886714935303
0.9737205505371094
2.560960054397583
1.478111743927002
1.7840993404388428
1.8640937805175781
0.8081321716308594
0.8774921894073486
0.9810762405395508
1.0778274536132812
0.9678337574005127
2.599079132080078
0.9330799579620361
0.8831560611724854
1.0921003818511963
2.8788347244262695
5.4800286293029785
0.9988884925842285
0.7491769790649414
1.162121295928955
2.7457504272460938
0.9493546485900879
0.8583290576934814
0.9558415412902832
2.7011945247650146
4.075018882751465
2.171360492706299
0.9211452007293701
0.9924368858337402
3.158316135406494
0.8838634490966797
40.46674966812134
