4.503443002700806
2.5082132816314697
2.803112745285034
1.0212502479553223
0.6920599937438965
0.982818603515625
0.6910457611083984
4.899602174758911
0.8815834522247314
4.187901496887207
5.589320659637451
0.7936670780181885
0.9491088390350342
2.515178680419922
0.9738457202911377
1.2852489948272705
1.1669533252716064
2.367488145828247
1.3903861045837402
1.3718316555023193
1.176722526550293
4.4836132526397705
0.9772541522979736
3.3152806758880615
1.4007697105407715
2.347454071044922
2.547804594039917
1.105041265487671
1.2732954025268555
3.496593952178955
4.8653974533081055
3.6482961177825928
0.89742112159729
1.006113052368164
0.8597619533538818
2.57073974609375
0.8994300365447998
2.9801294803619385
0.9927687644958496
0.8874697685241699
1.0047249794006348
0.8650317192077637
3.0653281211853027
2.144420862197876
1.2478172779083252
2.734013319015503
2.533064365386963
0.6286764144897461
2.2043750286102295
1.9258835315704346
1.0831878185272217
1.55661940574646
2.3830769062042236
2.66133975982666
1.1823701858520508
1.6598124504089355
0.8743612766265869
1.6534790992736816
1.4992096424102783
0.9110107421875
1.4675610065460205
3.0632376670837402
1.782071828842163
1.907932996749878
2.8662474155426025
2.357790470123291
0.8660597801208496
0.7458360195159912
0.8433237075805664
2.56130051612854
1.4595777988433838
1.072563886642456
3.079158306121826
2.5948715209960938
1.6767375469207764
1.1060519218444824
2.4652256965637207
1.4827921390533447
0.9141414165496826
1.7336597442626953
4.085808515548706
3.109233856201172
1.5704658031463623
1.9442012310028076
2.6635446548461914
1.0037307739257812
2.391343832015991
0.977916955947876
2.954559803009033
0.991173505783081
0.890556812286377
0.7983107566833496
1.1848936080932617
1.1982953548431396
2.1739909648895264
0.9843647480010986
2.1721599102020264
1.791015625
0.6603889465332031
4.176275968551636
41.891096115112305
