1.0903880596160889
1.007537603378296
1.9934837818145752
2.3521687984466553
0.8773593902587891
2.7012882232666016
1.339669942855835
2.7809760570526123
1.9602913856506348
1.3821601867675781
2.531860589981079
1.0147430896759033
2.5025570392608643
2.569288730621338
1.8925552368164062
0.9219422340393066
3.054293632507324
0.9772739410400391
1.175161600112915
1.7910938262939453
0.8913302421569824
1.5008721351623535
2.654372453689575
1.2752583026885986
0.9849259853363037
1.3724417686462402
2.8440165519714355
0.9072175025939941
3.4622366428375244
1.6684324741363525
0.7946493625640869
1.1663110256195068
3.2725555896759033
0.9723942279815674
2.109306573867798
1.4765703678131104
5.159826278686523
2.187314748764038
2.265242576599121
3.2810800075531006
1.0982036590576172
1.0842256546020508
3.2998404502868652
1.2722959518432617
3.0786173343658447
1.1528561115264893
2.8620975017547607
1.286870002746582
0.958268404006958
3.3706443309783936
2.859631061553955
2.666311264038086
1.1687052249908447
0.8805091381072998
0.9913334846496582
0.6874363422393799
3.378504753112793
2.368065595626831
2.8780245780944824
2.6744799613952637
0.8144476413726807
3.682790756225586
4.179067373275757
2.860297441482544
0.9760379791259766
1.1698307991027832
0.8034365177154541
0.909062385559082
2.4768521785736084
3.4846181869506836
4.280192613601685
1.7660939693450928
4.7010579109191895
2.6501548290252686
3.096203565597534
0.6853854656219482
1.3565456867218018
1.0864918231964111
2.535764455795288
3.1714799404144287
2.5713918209075928
2.574108123779297
0.7614955902099609
4.376073598861694
0.8922228813171387
0.8698828220367432
0.9810824394226074
0.99342942237854
0.9016752243041992
2.3534018993377686
2.7793843746185303
3.778120994567871
2.8591959476470947
0.794391393661499
0.7793052196502686
1.9937641620635986
0.9770660400390625
0.774559736251831
2.473609209060669
0.49124836921691895
46.3427312374115
