1.6065726280212402
2.34197998046875
0.9127151966094971
1.3922452926635742
2.4416942596435547
3.365497350692749
2.680149555206299
0.8508424758911133
3.254096746444702
1.192979097366333
1.4950275421142578
1.1988821029663086
1.5736463069915771
3.8794162273406982
1.5754034519195557
0.8838529586791992
1.982297420501709
1.1566612720489502
0.9986152648925781
2.360306978225708
1.7059221267700195
0.9650094509124756
1.1927063465118408
2.1826884746551514
2.5550553798675537
2.376615047454834
1.8829119205474854
3.3974969387054443
1.3671798706054688
0.9707014560699463
1.178596019744873
1.3783221244812012
2.4799351692199707
1.0635032653808594
0.8945603370666504
1.3874931335449219
0.661717414855957
2.595815420150757
2.636373996734619
0.8908154964447021
2.2583417892456055
3.3626325130462646
2.144091844558716
3.8008460998535156
1.1568069458007812
4.07461404800415
0.9700605869293213
3.504084825515747
1.3807873725891113
2.5686964988708496
1.2774913311004639
0.6786043643951416
1.909731149673462
2.3057851791381836
1.3494296073913574
0.8639469146728516
1.3883187770843506
3.470750331878662
1.1727383136749268
2.060107469558716
0.7122955322265625
1.0777769088745117
2.0993714332580566
1.0870213508605957
1.3788142204284668
1.0458941459655762
1.5094406604766846
0.7776288986206055
2.43369722366333
1.9635798931121826
0.9741823673248291
2.783540964126587
0.9014816284179688
2.5761642456054688
2.562262773513794
1.9158954620361328
2.145127773284912
1.202002763748169
2.5486221313476562
0.8934071063995361
1.070052146911621
2.2758634090423584
2.590420722961426
1.586690902709961
2.284457206726074
0.7057948112487793
1.2000164985656738
1.3828675746917725
0.777329683303833
2.4633944034576416
2.0903704166412354
2.176772356033325
2.7593612670898438
2.6718695163726807
0.9449405670166016
2.292433500289917
1.0539460182189941
0.843266487121582
1.3603694438934326
2.057666778564453
39.988542318344116
