1.1191961765289307
2.2819879055023193
2.2962958812713623
2.6723809242248535
2.574751853942871
3.9474472999572754
0.884876012802124
1.1084959506988525
2.5972838401794434
3.0676703453063965
0.7993218898773193
1.1601366996765137
1.0790107250213623
2.846991777420044
0.9782423973083496
0.974602222442627
1.8981468677520752
1.71891188621521
1.7611091136932373
2.519221067428589
2.649191379547119
1.2543895244598389
2.4738669395446777
1.278036117553711
0.9659147262573242
1.7743127346038818
2.9739649295806885
1.1852552890777588
1.006608247756958
1.5674574375152588
1.8724610805511475
1.260923147201538
1.620650291442871
1.1692264080047607
0.868690013885498
0.9862189292907715
1.2857744693756104
1.188692569732666
2.1482152938842773
2.5939781665802
1.7102487087249756
2.265174150466919
2.843660831451416
1.5645835399627686
2.786803722381592
1.8612661361694336
3.3007352352142334
3.2995331287384033
1.2715380191802979
1.3737711906433105
1.0914373397827148
1.3614320755004883
2.123117685317993
2.6913468837738037
1.0016710758209229
0.9412152767181396
1.1792712211608887
4.156555414199829
1.3692002296447754
4.171566009521484
1.093315601348877
0.8569211959838867
0.7698163986206055
3.851612091064453
2.6598918437957764
1.0810801982879639
0.7361814975738525
0.962550163269043
1.5668048858642578
1.8663196563720703
4.393662452697754
0.8824048042297363
2.6671292781829834
1.3049533367156982
0.7789618968963623
1.060546875
3.680865526199341
2.983323097229004
0.9808635711669922
3.3688979148864746
1.1087102890014648
2.6731784343719482
2.270617723464966
2.175474166870117
0.661440372467041
1.1979475021362305
3.0799787044525146
1.8593251705169678
2.883686065673828
2.071424961090088
0.7959878444671631
0.7798161506652832
1.972327470779419
2.2651631832122803
0.9955775737762451
2.8546578884124756
2.3751003742218018
0.9838557243347168
2.165590286254883
0.9826564788818359
40.55605912208557
