2.286756753921509
0.9000184535980225
2.504102945327759
0.8169543743133545
2.1831462383270264
2.4755144119262695
0.7689862251281738
1.2625141143798828
2.5732262134552
2.3805081844329834
2.7556850910186768
1.0054104328155518
4.259072780609131
1.0058720111846924
2.3870689868927
3.568129777908325
1.8963167667388916
0.9000494480133057
2.5559377670288086
3.1671149730682373
0.7865707874298096
2.587283134460449
4.073474884033203
5.090081691741943
0.9867737293243408
5.3755457401275635
1.064234972000122
3.3438735008239746
3.181735038757324
0.9015564918518066
5.475808143615723
1.374781608581543
1.0043389797210693
4.567452907562256
0.8835890293121338
3.4701907634735107
0.9820148944854736
1.889350414276123
5.462804317474365
4.2756383419036865
1.6526296138763428
0.9699342250823975
2.0769224166870117
5.601191759109497
3.406200885772705
3.684004783630371
2.283165216445923
0.8662855625152588
0.9061775207519531
5.352463722229004
3.0670621395111084
2.9728171825408936
0.8674380779266357
0.9626283645629883
0.8981859683990479
0.7929308414459229
1.4542996883392334
0.9803991317749023
1.4832468032836914
6.401684999465942
0.701453447341919
3.8898701667785645
1.0029733180999756
3.5966949462890625
1.76995849609375
2.366236448287964
0.8832151889801025
0.7700819969177246
1.9774658679962158
2.4491283893585205
6.873736381530762
2.8632822036743164
0.8781051635742188
0.7640981674194336
1.5916073322296143
2.58248233795166
0.8779757022857666
1.9727225303649902
2.5700509548187256
2.1789512634277344
3.101814031600952
5.27137303352356
1.6579060554504395
0.980581521987915
0.988304615020752
2.2984447479248047
1.1725435256958008
1.1784393787384033
0.8885979652404785
0.7862751483917236
0.872016429901123
0.6947469711303711
1.5511810779571533
1.1936259269714355
0.9820632934570312
0.8836407661437988
0.979010820388794
1.6875090599060059
5.183013916015625
1.1787006855010986
50.9827663898468
