1.6300842761993408
2.095306634902954
1.695383071899414
1.0326824188232422
2.512059450149536
0.7626388072967529
1.3920838832855225
1.193938970565796
1.8787083625793457
1.7487549781799316
3.666327953338623
3.682023286819458
1.1572773456573486
2.901569366455078
0.7759232521057129
3.4385154247283936
0.7974920272827148
0.8732781410217285
2.5334274768829346
1.9962117671966553
0.8643982410430908
0.8925626277923584
0.9991369247436523
2.5736844539642334
2.667285680770874
2.5386993885040283
2.252725839614868
2.7752127647399902
1.1208021640777588
1.2650845050811768
3.5719211101531982
0.8039259910583496
2.5280563831329346
1.0482909679412842
2.480958938598633
1.0820860862731934
2.83512020111084
1.2211968898773193
0.8928771018981934
3.1763017177581787
0.6713440418243408
1.1577305793762207
2.199923515319824
1.946824073791504
0.9967803955078125
2.7773849964141846
0.9604513645172119
2.682326555252075
2.467534065246582
1.2017855644226074
0.9618425369262695
1.086151123046875
1.062222957611084
1.7667510509490967
2.0792510509490967
1.9943993091583252
0.8934054374694824
1.2836723327636719
1.0992732048034668
2.389263153076172
2.1626224517822266
0.8707971572875977
1.6838891506195068
2.366654396057129
2.477324962615967
1.2906036376953125
2.1740665435791016
2.5728988647460938
1.3438665866851807
0.9966187477111816
1.2704665660858154
2.54888653755188
3.784468173980713
1.3117916584014893
2.9579079151153564
0.7972121238708496
2.2649800777435303
0.9870645999908447
4.799644708633423
4.544450759887695
1.180788516998291
3.156780481338501
2.1980550289154053
0.8616123199462891
4.1631245613098145
2.860560178756714
1.0069286823272705
3.003262519836426
2.7886788845062256
0.8869104385375977
0.8687212467193604
5.361157417297363
2.2025749683380127
2.884019613265991
0.8873753547668457
0.7721965312957764
0.5736050605773926
1.2729320526123047
0.9774577617645264
0.8925356864929199
42.068520069122314
