2.2309410572052
1.1090061664581299
2.48490309715271
0.9967966079711914
1.853813648223877
2.748974084854126
3.0771420001983643
1.6810040473937988
1.1921403408050537
2.1557092666625977
2.567833662033081
1.0688400268554688
0.7839527130126953
1.8474886417388916
0.9658935070037842
0.8790724277496338
2.7903404235839844
0.8934853076934814
1.2863266468048096
2.097379684448242
1.7920963764190674
2.379263162612915
1.6797900199890137
3.1792986392974854
1.9904811382293701
0.7937955856323242
2.5652694702148438
2.3044655323028564
2.9601593017578125
0.873835563659668
0.9964001178741455
3.4804139137268066
2.0847771167755127
1.2595174312591553
4.068647861480713
1.206946849822998
0.9841508865356445
0.8889439105987549
2.4696927070617676
0.8872311115264893
2.684511661529541
1.0629637241363525
3.863682746887207
2.979633092880249
2.1680331230163574
2.384643077850342
1.2533035278320312
0.6839163303375244
0.6938574314117432
1.2017467021942139
0.9703428745269775
1.8430161476135254
0.8512663841247559
1.4642658233642578
2.0999410152435303
1.9496655464172363
2.9908981323242188
1.088862657546997
1.3521080017089844
1.1865673065185547
2.5803561210632324
4.981307744979858
2.033104181289673
0.8658215999603271
1.362457275390625
1.8806991577148438
1.0857033729553223
1.0850074291229248
1.4745221138000488
2.7702786922454834
0.9766652584075928
0.8280072212219238
1.3734962940216064
2.4569826126098633
1.0969083309173584
1.925189733505249
1.2022526264190674
2.8989224433898926
3.8044445514678955
0.8671574592590332
1.9880456924438477
1.7945733070373535
2.2484447956085205
0.9727544784545898
2.1504757404327393
1.1939990520477295
4.266119956970215
1.3611059188842773
0.9917476177215576
1.095545768737793
2.49965500831604
0.776658296585083
1.3999371528625488
1.7719800472259521
1.8667778968811035
2.487114429473877
0.8689467906951904
2.7765953540802
2.376788854598999
2.379060745239258
39.47531485557556
