1.1115174293518066
2.424776315689087
2.6151888370513916
1.0131416320800781
3.5128273963928223
0.9686801433563232
1.5626342296600342
2.1620237827301025
0.8714785575866699
1.1751742362976074
2.648158311843872
3.156287431716919
2.5889904499053955
0.8234550952911377
1.4045295715332031
1.110029697418213
2.6134302616119385
0.7922313213348389
2.631917715072632
2.3627543449401855
2.685431480407715
1.252009630203247
0.7665262222290039
1.7919032573699951
1.1802804470062256
1.0066146850585938
1.0667438507080078
1.1008625030517578
1.0936627388000488
2.388540267944336
1.6854350566864014
1.1782701015472412
1.0412168502807617
1.0553202629089355
1.7550129890441895
1.7549257278442383
1.0226893424987793
2.7483348846435547
0.8270318508148193
2.2676851749420166
2.669848680496216
1.0939557552337646
1.080395221710205
0.8012392520904541
3.748755693435669
0.9896032810211182
1.9099421501159668
0.7571864128112793
1.7942314147949219
1.4631693363189697
1.3924360275268555
1.8611218929290771
1.5897512435913086
0.9438574314117432
0.877744197845459
1.1860437393188477
2.5604019165039062
0.961071252822876
1.008821964263916
1.2488844394683838
1.5517373085021973
2.7245802879333496
3.055328607559204
1.7059135437011719
1.2671773433685303
2.6688454151153564
2.5545051097869873
2.4563961029052734
0.8245160579681396
2.3457770347595215
0.9162182807922363
2.675689697265625
0.8747372627258301
0.9115197658538818
1.8732330799102783
1.3959743976593018
2.154806613922119
1.4882268905639648
1.1681382656097412
1.0944015979766846
2.381758213043213
1.0761761665344238
0.6849489212036133
1.5604496002197266
2.5564687252044678
1.9460086822509766
2.088508129119873
1.2831363677978516
0.6635868549346924
1.985351800918579
0.9041812419891357
2.85414981842041
3.253216028213501
1.0676207542419434
1.6841983795166016
2.7757911682128906
3.703381299972534
0.90110182762146
1.0684926509857178
0.5976390838623047
37.475050926208496
