0.7030401229858398
0.4326930046081543
0.7165701389312744
0.785935640335083
0.6131484508514404
0.6237120628356934
0.6212410926818848
0.7306537628173828
0.7187094688415527
0.6230227947235107
0.6215765476226807
0.7373902797698975
0.6172513961791992
0.627138614654541
0.7201685905456543
0.8186426162719727
0.5293393135070801
0.6258275508880615
0.8144214153289795
0.6213619709014893
0.7240047454833984
0.6287763118743896
0.7316501140594482
0.7234585285186768
0.5372424125671387
0.8177306652069092
0.6308920383453369
0.8086519241333008
0.4327566623687744
0.8251416683197021
0.7167561054229736
0.5331692695617676
0.6296417713165283
0.6146273612976074
0.6190323829650879
0.4269397258758545
0.8223803043365479
0.525371789932251
0.7181103229522705
0.6182513236999512
0.7227251529693604
0.7260410785675049
0.6328060626983643
0.712698221206665
0.5960936546325684
0.7264831066131592
0.5239119529724121
0.6375546455383301
0.6168782711029053
0.7243711948394775
0.43882155418395996
0.5183727741241455
0.7306673526763916
0.5801010131835938
0.7198982238769531
0.6187741756439209
0.5852153301239014
0.6218357086181641
0.4771709442138672
0.9233114719390869
0.7208836078643799
0.7117583751678467
0.5243282318115234
0.7289149761199951
0.7128167152404785
0.8151860237121582
0.4386916160583496
0.7117946147918701
0.6155948638916016
0.5395777225494385
0.7155256271362305
0.6374232769012451
0.6110639572143555
0.7131080627441406
0.6299073696136475
0.6296193599700928
0.5252790451049805
0.8202857971191406
0.613316535949707
0.721649169921875
0.5360345840454102
0.7192177772521973
0.7101967334747314
0.4316384792327881
0.7208118438720703
0.9314215183258057
0.7174692153930664
0.5875957012176514
0.7085273265838623
0.7259962558746338
0.8177411556243896
0.6241555213928223
0.7197318077087402
0.7257671356201172
0.9162657260894775
0.5383932590484619
0.6220698356628418
0.7180144786834717
0.6232240200042725
0.7357861995697021
74.07804656028748
