0.6155228614807129
0.614079475402832
0.524078369140625
0.5291194915771484
0.6289927959442139
0.9244644641876221
0.5239067077636719
0.6212222576141357
0.5383975505828857
0.5284810066223145
0.740109920501709
0.6843564510345459
0.6226558685302734
0.5758123397827148
0.6643915176391602
0.48273444175720215
0.6346690654754639
0.7049412727355957
0.782451868057251
0.5266578197479248
0.5949289798736572
0.6340231895446777
0.6205134391784668
0.6412906646728516
0.7233173847198486
0.7245759963989258
0.7326138019561768
0.6238336563110352
0.503828763961792
0.9293949604034424
0.48018503189086914
0.7154395580291748
0.726395845413208
0.7213363647460938
0.815359354019165
0.7856814861297607
0.619732141494751
0.7213954925537109
0.6246190071105957
0.8196382522583008
0.6290309429168701
0.4335663318634033
0.7239029407501221
0.44457387924194336
0.722191572189331
0.7416965961456299
0.6137239933013916
0.42865633964538574
0.7289507389068604
0.8162922859191895
0.6212642192840576
0.5362162590026855
0.7120301723480225
0.6309473514556885
0.5270359516143799
0.8105947971343994
0.736384391784668
0.7257351875305176
0.9154012203216553
0.5297641754150391
0.8170065879821777
0.8183200359344482
0.7274892330169678
0.7772057056427002
0.5262017250061035
0.7180719375610352
0.8317670822143555
0.5818014144897461
0.7081835269927979
0.43458986282348633
0.7959177494049072
0.8201432228088379
0.5317981243133545
0.7146265506744385
0.8243629932403564
0.7264161109924316
0.6137247085571289
0.8455946445465088
0.6813662052154541
0.8169023990631104
0.4826018810272217
0.7304394245147705
0.6258349418640137
0.7160148620605469
0.5261402130126953
0.7298381328582764
0.7156798839569092
0.5403826236724854
0.6203691959381104
0.6235313415527344
0.8189094066619873
0.44068384170532227
0.7132537364959717
0.7197844982147217
0.7253262996673584
0.9159348011016846
0.514399528503418
0.8183178901672363
0.6245195865631104
0.5219578742980957
74.67935299873352
