0.6800999641418457
0.7253832817077637
0.7216024398803711
0.8254194259643555
0.5792350769042969
0.5305953025817871
0.6253125667572021
0.6264371871948242
0.7304863929748535
0.5253386497497559
0.8211193084716797
0.7365038394927979
0.615664005279541
0.7340571880340576
0.8058452606201172
0.6898477077484131
0.5312769412994385
0.7238235473632812
0.6950795650482178
0.6251957416534424
0.7220075130462646
0.8237016201019287
0.7250449657440186
0.6608920097351074
0.7330899238586426
0.6864316463470459
0.631767749786377
0.6331353187561035
0.8736579418182373
0.7290482521057129
0.6236660480499268
0.6147117614746094
0.8267049789428711
0.7245082855224609
0.7795553207397461
0.7213244438171387
0.6182515621185303
0.6214947700500488
0.6130208969116211
0.729912519454956
0.5245585441589355
0.7273316383361816
0.7178211212158203
0.726482629776001
0.5845060348510742
0.6796460151672363
0.520850658416748
0.5322520732879639
0.6285104751586914
0.7125780582427979
0.6708066463470459
0.5162060260772705
0.724247932434082
0.7233991622924805
0.6326003074645996
0.8156898021697998
0.6190266609191895
0.7183701992034912
0.7705268859863281
0.8222098350524902
0.6104180812835693
0.5893611907958984
0.7267928123474121
0.8241851329803467
0.7134819030761719
0.6375813484191895
0.7127864360809326
0.7177248001098633
0.8145673274993896
0.8254055976867676
0.8101887702941895
0.5869114398956299
0.6232800483703613
0.9156198501586914
0.725111722946167
0.6282651424407959
0.5832726955413818
0.521658182144165
0.7236192226409912
0.7191112041473389
0.7277436256408691
0.6247761249542236
0.727222204208374
0.5201184749603271
0.6299376487731934
0.6164579391479492
0.8130455017089844
0.48586034774780273
0.5302219390869141
1.0066382884979248
0.6383047103881836
0.7833621501922607
0.6236591339111328
0.6286640167236328
0.8251876831054688
0.7195017337799072
0.6276192665100098
0.6688594818115234
0.6838212013244629
0.4889533519744873
76.85786747932434
