0.6430702209472656
0.4866180419921875
0.6234145164489746
0.6347088813781738
0.7164638042449951
0.7202987670898438
0.7182488441467285
0.6247892379760742
0.820239782333374
0.5332741737365723
0.595696210861206
0.5225834846496582
0.9169023036956787
0.6229348182678223
0.643420934677124
0.5790829658508301
0.6178767681121826
0.6205027103424072
0.9125411510467529
0.4261291027069092
0.5254967212677002
0.521458625793457
0.6271307468414307
0.6047637462615967
0.6710207462310791
0.7229177951812744
0.7185065746307373
0.6274166107177734
0.725771427154541
0.715219259262085
0.7239725589752197
0.6161057949066162
0.5260276794433594
0.5793666839599609
0.5253989696502686
0.7216494083404541
0.5293078422546387
0.4316229820251465
0.6050155162811279
0.6431267261505127
0.615990400314331
0.7270028591156006
0.9120006561279297
0.646172285079956
0.6498904228210449
0.7193975448608398
0.6157598495483398
0.5680868625640869
0.5253033638000488
0.6209630966186523
0.6270742416381836
0.6217169761657715
0.6269824504852295
0.8227033615112305
0.6264615058898926
0.7119572162628174
0.7998225688934326
0.8189208507537842
0.6841905117034912
0.7153570652008057
0.6394987106323242
0.7283093929290771
0.6102371215820312
0.5235240459442139
0.6071820259094238
0.4825887680053711
0.620901346206665
0.7247734069824219
0.7148401737213135
0.8311247825622559
0.6099896430969238
0.8208272457122803
0.7120585441589355
0.5336520671844482
0.5140700340270996
0.7275121212005615
0.7281734943389893
0.6285879611968994
0.6674723625183105
0.6178970336914062
0.7295832633972168
0.6182057857513428
0.7162632942199707
0.7349319458007812
0.7160515785217285
0.5378053188323975
0.6181888580322266
0.6196513175964355
0.7259669303894043
0.7193217277526855
0.5966324806213379
0.5151560306549072
0.5373325347900391
0.8183972835540771
0.6191501617431641
0.47778749465942383
0.7233293056488037
0.521630048751831
0.5272574424743652
0.8209786415100098
73.26513004302979
