0.8173255920410156
0.655181884765625
0.6200897693634033
0.7239995002746582
0.5322134494781494
0.7214310169219971
0.9152047634124756
0.621549129486084
0.7146363258361816
0.632577657699585
0.7250964641571045
0.6370828151702881
0.7215564250946045
0.7452616691589355
0.50811767578125
0.7328507900238037
0.8226125240325928
0.6167738437652588
0.6162374019622803
0.6989808082580566
0.7233326435089111
0.7182085514068604
0.6156728267669678
0.5380644798278809
0.716001033782959
0.7242839336395264
0.8277578353881836
0.6083858013153076
0.693648099899292
0.7341208457946777
0.824268102645874
0.7225184440612793
0.7266409397125244
0.6317901611328125
0.7228291034698486
0.7309293746948242
0.5069389343261719
0.9184045791625977
0.9157028198242188
0.7231240272521973
0.7732570171356201
0.5264077186584473
0.7277443408966064
0.6309125423431396
0.465670108795166
0.6257421970367432
0.7161951065063477
0.6257517337799072
0.6118984222412109
0.7336142063140869
0.6178216934204102
0.5299046039581299
0.7222802639007568
0.5190200805664062
0.5336055755615234
0.6208031177520752
0.6251091957092285
0.7072649002075195
0.6838455200195312
0.7340297698974609
0.8132939338684082
0.7118110656738281
0.7071506977081299
0.6187801361083984
0.7232551574707031
0.7298972606658936
0.630753755569458
0.910158634185791
0.5251729488372803
0.7169408798217773
0.6653330326080322
0.6264901161193848
0.5302231311798096
0.6262314319610596
0.6205546855926514
0.6864199638366699
0.5287830829620361
0.7159183025360107
0.6418759822845459
0.6270620822906494
0.49384117126464844
0.8238861560821533
0.8369152545928955
0.6970586776733398
0.6279819011688232
0.7241592407226562
0.7214417457580566
0.8233935832977295
0.7163772583007812
0.5766196250915527
0.6260092258453369
0.7073936462402344
0.622279167175293
0.6902291774749756
0.9161820411682129
0.5653016567230225
0.6223175525665283
0.6290147304534912
0.5948789119720459
0.8164267539978027
76.38238048553467
