0.5122129917144775
0.7141721248626709
0.9177427291870117
0.7169606685638428
0.5125327110290527
0.7162668704986572
0.6280701160430908
0.5789794921875
0.533156156539917
0.7232620716094971
0.6210570335388184
0.721259355545044
0.528174877166748
0.5237994194030762
0.6383488178253174
0.7323212623596191
0.624211311340332
0.8137328624725342
0.5318639278411865
0.8150744438171387
0.6240859031677246
0.43457531929016113
0.6863625049591064
0.5642516613006592
0.5390520095825195
0.5980370044708252
0.720740556716919
0.5390009880065918
0.6347439289093018
0.5694761276245117
0.6322810649871826
0.9330501556396484
0.7248866558074951
0.7808682918548584
0.8383848667144775
0.5865633487701416
0.7273571491241455
0.5422844886779785
0.7227530479431152
0.6332516670227051
0.7120893001556396
0.6291275024414062
0.8322951793670654
0.6111717224121094
0.7234272956848145
0.520007848739624
0.5315625667572021
0.685020923614502
0.5807685852050781
0.6219582557678223
0.7264747619628906
0.5310370922088623
0.6254267692565918
0.6234276294708252
0.6261928081512451
0.8227505683898926
0.7156662940979004
0.6209614276885986
0.4821796417236328
0.7220511436462402
0.6304833889007568
0.7328228950500488
0.6205806732177734
0.6203029155731201
0.6289548873901367
0.7225916385650635
0.7002818584442139
0.9181718826293945
0.6351721286773682
0.6340413093566895
0.717421293258667
0.5262877941131592
0.539496660232544
0.5301055908203125
0.8126034736633301
0.5340604782104492
0.721369743347168
0.6264963150024414
0.6326050758361816
0.8251180648803711
0.8171119689941406
0.6366522312164307
0.5151510238647461
0.7267768383026123
0.8232536315917969
0.7350249290466309
0.7214663028717041
0.615023136138916
0.7206974029541016
0.6176331043243408
0.7107064723968506
0.8209114074707031
0.7262811660766602
0.5342404842376709
0.47560906410217285
0.739140510559082
0.620518684387207
0.626777172088623
0.7181308269500732
0.6281101703643799
73.88157773017883
