0.5963375568389893
0.7141339778900146
0.62906813621521
0.6045327186584473
0.823998212814331
0.7274367809295654
0.7214868068695068
0.5369069576263428
0.5195531845092773
0.7307143211364746
0.822918176651001
0.6173124313354492
0.6910738945007324
0.8226172924041748
0.6310455799102783
0.6242601871490479
0.719282865524292
0.7173647880554199
0.5339233875274658
0.5202298164367676
0.44036126136779785
0.6277761459350586
0.5228173732757568
0.7472259998321533
0.7809219360351562
0.43724632263183594
0.6309585571289062
0.6271116733551025
0.5970232486724854
0.5180668830871582
0.5286314487457275
0.6311831474304199
0.4994211196899414
0.7189669609069824
0.4316120147705078
0.7281625270843506
0.6173532009124756
0.4269232749938965
0.7229049205780029
0.618933916091919
0.7823033332824707
0.5327968597412109
0.8255326747894287
0.6291165351867676
0.5255532264709473
0.6876790523529053
0.5297319889068604
0.7330930233001709
0.7148220539093018
0.4318363666534424
0.7316570281982422
0.7351465225219727
0.7137889862060547
0.5749499797821045
0.57149338722229
0.613182783126831
0.531050443649292
0.6335659027099609
0.6284031867980957
0.6338534355163574
0.5336823463439941
0.52266526222229
0.703869104385376
0.594590425491333
0.5282247066497803
0.6340610980987549
0.537369966506958
0.5360543727874756
0.7321310043334961
0.6310503482818604
0.6075434684753418
0.7289612293243408
0.5413045883178711
0.44285154342651367
0.7312343120574951
0.5801341533660889
0.6309936046600342
0.53818678855896
0.43068480491638184
0.6272008419036865
0.7398333549499512
0.7175369262695312
0.8111057281494141
0.8146944046020508
0.51265549659729
0.8210721015930176
0.7279963493347168
0.4367821216583252
0.5393342971801758
0.6298933029174805
0.6451072692871094
0.7277774810791016
0.6075773239135742
0.9169814586639404
0.7981362342834473
0.5999562740325928
0.9111285209655762
0.6451461315155029
0.701606035232544
0.627056360244751
71.4770736694336
