0.5011763572692871
0.6743099689483643
0.5201821327209473
0.6330075263977051
0.6751317977905273
0.5838654041290283
0.6224827766418457
0.685704231262207
0.6315517425537109
0.6108236312866211
0.7153525352478027
0.7218964099884033
0.6166942119598389
0.61850905418396
0.6281745433807373
0.5211625099182129
0.8232784271240234
0.8143482208251953
0.4290013313293457
0.8184332847595215
0.7064664363861084
0.6307623386383057
0.6324806213378906
0.721052885055542
0.7150297164916992
0.6355857849121094
0.5295307636260986
0.7202882766723633
0.6457996368408203
0.5833907127380371
0.7292449474334717
0.6344850063323975
0.7049465179443359
0.6271710395812988
0.6817774772644043
0.729621410369873
0.6097662448883057
0.6250877380371094
0.5312924385070801
0.714111328125
0.8246004581451416
0.5828065872192383
0.5888674259185791
0.7240245342254639
0.7161452770233154
0.8216867446899414
0.6203539371490479
0.5704755783081055
0.7156631946563721
0.6226680278778076
0.6121129989624023
0.6351251602172852
0.8076279163360596
0.819861650466919
0.5268030166625977
0.7721261978149414
0.632479190826416
0.5805251598358154
0.4766414165496826
0.7062125205993652
0.539400577545166
0.7107458114624023
0.7293457984924316
0.5255696773529053
0.7186334133148193
0.5457067489624023
0.607266902923584
0.6209344863891602
0.6256487369537354
0.4327430725097656
0.8225793838500977
0.5213627815246582
0.7126173973083496
0.7129013538360596
0.5236823558807373
0.5291671752929688
0.8116409778594971
0.7251574993133545
0.6237504482269287
0.631843090057373
0.7198073863983154
0.6302375793457031
0.8135206699371338
0.6309831142425537
0.5693857669830322
0.5830287933349609
0.5329241752624512
0.7846221923828125
0.7161979675292969
0.5326478481292725
0.7262804508209229
0.614370584487915
0.7270767688751221
0.6080710887908936
0.5194175243377686
0.7166144847869873
0.7150309085845947
0.4387474060058594
0.8131022453308105
0.7293293476104736
73.48232889175415
