0.7119290828704834
0.6274535655975342
0.629164457321167
0.6358063220977783
0.721034049987793
0.5293283462524414
0.8288099765777588
0.7192587852478027
0.7269198894500732
0.7235009670257568
0.4937419891357422
0.7262527942657471
0.5349080562591553
0.6305649280548096
0.8221991062164307
0.7187800407409668
0.6293611526489258
0.6364545822143555
0.5267107486724854
0.8149359226226807
0.6199679374694824
0.8243191242218018
0.5039112567901611
0.6276013851165771
0.7085821628570557
0.5320219993591309
0.7232949733734131
0.7207403182983398
0.6013219356536865
0.5252084732055664
0.6213192939758301
0.74253249168396
0.5997982025146484
0.8232221603393555
0.6229875087738037
0.5321002006530762
0.7211127281188965
0.9304194450378418
0.6862866878509521
0.726475715637207
0.729773759841919
0.713714599609375
0.6206657886505127
0.5297460556030273
0.5177357196807861
0.5851874351501465
0.6343564987182617
0.8163635730743408
0.503591775894165
0.6219885349273682
0.7233796119689941
0.8285889625549316
0.527214765548706
0.719027042388916
0.64034104347229
0.7109885215759277
0.5306198596954346
0.6382706165313721
0.6372215747833252
0.7148294448852539
0.7175960540771484
0.879096269607544
0.6258261203765869
0.6210670471191406
0.6289739608764648
0.8214695453643799
0.734316349029541
0.8188488483428955
0.8067541122436523
0.8270683288574219
0.6310513019561768
0.8182253837585449
0.7209610939025879
0.734940767288208
0.6247458457946777
0.6262664794921875
0.6300182342529297
0.824638843536377
0.5157511234283447
0.5307004451751709
0.4983646869659424
0.725327730178833
0.6269216537475586
0.6356215476989746
0.6340446472167969
0.6928560733795166
0.817251443862915
0.6371386051177979
0.6023855209350586
0.5298511981964111
0.8276698589324951
0.7152862548828125
0.8202662467956543
0.8297665119171143
0.8214576244354248
0.6351315975189209
0.725623369216919
0.6169133186340332
0.6359190940856934
0.6155991554260254
75.27354454994202
