0.7889351844787598
0.8182151317596436
0.9082634449005127
0.7916688919067383
0.9328980445861816
0.8191554546356201
0.5336527824401855
0.832841157913208
0.6176073551177979
0.9431242942810059
0.7238247394561768
0.8040688037872314
0.7247288227081299
0.6236491203308105
0.6280832290649414
0.5854158401489258
0.6292643547058105
0.8225038051605225
0.7561883926391602
0.6977353096008301
0.6897437572479248
0.6929678916931152
0.7164061069488525
0.5333452224731445
0.7252054214477539
0.7330327033996582
0.6763741970062256
0.5393953323364258
0.6247353553771973
0.685077428817749
0.7222137451171875
0.7208476066589355
0.6190810203552246
0.6264121532440186
0.6674551963806152
0.5380697250366211
0.5754978656768799
0.48380613327026367
0.6297049522399902
0.6004328727722168
0.6314167976379395
0.8143613338470459
0.6003565788269043
0.5311579704284668
0.7186388969421387
0.8502299785614014
0.5899596214294434
0.5874061584472656
0.7159168720245361
0.6286904811859131
0.6844861507415771
0.5126378536224365
0.6176295280456543
0.6365005970001221
0.7058637142181396
0.7280673980712891
0.6286640167236328
0.6272108554840088
0.7245383262634277
0.8159291744232178
0.7372453212738037
0.5104734897613525
0.5333781242370605
0.6742615699768066
0.9200897216796875
0.5882291793823242
0.7225854396820068
0.7236075401306152
0.7196915149688721
0.523963212966919
0.7221848964691162
0.7175419330596924
0.6298680305480957
0.8146042823791504
0.5221731662750244
0.6260097026824951
0.6958513259887695
0.6277663707733154
0.6843290328979492
0.7308928966522217
0.5905370712280273
0.624225378036499
0.6015276908874512
0.6321167945861816
0.8311660289764404
0.6176497936248779
0.7168614864349365
0.5294878482818604
0.43346118927001953
0.9174666404724121
0.5214848518371582
0.7233066558837891
0.6985948085784912
0.6797688007354736
0.824744701385498
0.6176066398620605
0.5354602336883545
0.5352447032928467
0.6261036396026611
0.623734712600708
75.7944724559784
