1.0781805515289307
2.4776644706726074
1.374650478363037
2.066603183746338
1.0205130577087402
3.249397039413452
1.6781504154205322
0.8795156478881836
1.3604907989501953
0.8544235229492188
2.3603720664978027
2.668473243713379
1.0991005897521973
0.9174706935882568
2.403486967086792
2.785780668258667
0.8724853992462158
2.204338788986206
0.8796539306640625
3.667529344558716
1.3902747631072998
1.0832321643829346
2.090331792831421
1.5744683742523193
2.916264295578003
1.70949125289917
3.2776906490325928
1.6836585998535156
0.9044880867004395
2.8752942085266113
1.7322361469268799
1.8760859966278076
1.9817028045654297
1.583160638809204
0.9638240337371826
2.1553139686584473
2.322855234146118
1.1808698177337646
1.0570223331451416
1.2787764072418213
1.058279037475586
0.945859432220459
1.4016685485839844
2.5955934524536133
0.9539165496826172
1.2793772220611572
1.7873787879943848
0.8640937805175781
1.2033522129058838
1.0879273414611816
1.158313512802124
1.0756065845489502
0.9702966213226318
2.3956174850463867
1.6633214950561523
0.9777629375457764
2.784385919570923
4.5939719676971436
1.773932695388794
0.9791603088378906
1.0936613082885742
3.187067747116089
2.1763882637023926
0.9053058624267578
2.4839000701904297
0.8074564933776855
1.1833581924438477
1.1234116554260254
1.8849961757659912
2.579787015914917
2.474104166030884
1.0911343097686768
2.458218812942505
2.6070525646209717
2.662034273147583
1.1750681400299072
1.6593129634857178
0.785106897354126
2.2319793701171875
0.8737361431121826
0.6656944751739502
1.3432130813598633
1.0075562000274658
2.7497270107269287
1.05568265914917
1.0748777389526367
1.8795166015625
1.0676803588867188
1.488067626953125
1.5810201168060303
0.9776046276092529
1.192176342010498
1.0035467147827148
2.778981924057007
2.467616558074951
0.8986630439758301
2.0551517009735107
0.7776854038238525
1.5572621822357178
1.7818913459777832
35.484153509140015
