1.2058906555175781
1.6033189296722412
1.805293083190918
2.5710861682891846
1.795907974243164
2.876957416534424
0.8910987377166748
2.887153148651123
0.8734161853790283
4.0732581615448
0.8022994995117188
2.1028010845184326
2.583904504776001
1.1604466438293457
0.7957427501678467
1.6579830646514893
2.0717341899871826
1.7917356491088867
2.5647482872009277
2.6849095821380615
1.7804651260375977
1.9563305377960205
0.9034662246704102
1.6870062351226807
2.7672293186187744
0.886559247970581
1.465437889099121
1.293687105178833
3.3908286094665527
2.892500400543213
2.9487574100494385
2.1780190467834473
1.1916131973266602
0.7057695388793945
1.8783023357391357
3.8676676750183105
0.8857686519622803
2.9685680866241455
0.7097771167755127
0.7580931186676025
1.4743502140045166
3.0764899253845215
0.9819371700286865
3.050092935562134
2.181939125061035
2.8867225646972656
3.596801280975342
2.3668594360351562
3.1172831058502197
2.6880624294281006
2.879441976547241
1.3756966590881348
0.9920814037322998
1.251493215560913
1.1785297393798828
2.3578946590423584
5.489378452301025
3.182126998901367
0.5961833000183105
5.195190191268921
1.5745744705200195
0.972808837890625
1.4814651012420654
3.874025344848633
2.077399492263794
0.9649355411529541
2.0924265384674072
4.390780925750732
1.16117262840271
1.2741315364837646
0.7581498622894287
1.8638479709625244
1.0982327461242676
2.6065375804901123
1.2041094303131104
2.2699451446533203
1.2871685028076172
1.8555233478546143
0.6745040416717529
1.3207902908325195
2.1725339889526367
1.0907938480377197
1.1679627895355225
1.0930118560791016
1.04569411277771
1.9790375232696533
2.2012739181518555
2.1871180534362793
2.445673942565918
1.3899927139282227
2.176194190979004
1.6597726345062256
0.813730001449585
1.207467794418335
2.090663194656372
1.695969820022583
1.060661792755127
1.2638921737670898
0.9589848518371582
1.850036859512329
41.178173303604126
