0.9439597129821777
3.326465368270874
2.1186270713806152
2.2225000858306885
1.2818899154663086
1.2027266025543213
0.9822018146514893
2.1739025115966797
4.2502968311309814
1.093827486038208
2.2561819553375244
1.2616345882415771
2.276233434677124
2.2670044898986816
1.357170820236206
2.777074098587036
0.8813824653625488
1.3812503814697266
1.5025303363800049
3.070025682449341
2.0861034393310547
2.2670235633850098
1.5915591716766357
3.553417205810547
2.1562960147857666
1.1870837211608887
2.292680025100708
0.7609078884124756
4.669034242630005
3.9772698879241943
0.7928752899169922
0.7781555652618408
0.7915952205657959
1.263613224029541
0.8935434818267822
0.8754935264587402
0.7939794063568115
4.7735676765441895
4.475538492202759
1.2782015800476074
4.799320220947266
3.799328088760376
0.6797361373901367
1.7793033123016357
1.581986427307129
0.695472002029419
1.1122498512268066
2.5932719707489014
1.1830625534057617
1.3834259510040283
4.289428949356079
1.156097412109375
5.691205739974976
1.0756604671478271
0.9115447998046875
0.9950733184814453
0.6708667278289795
0.9819748401641846
0.8901786804199219
1.209597110748291
1.2743346691131592
2.485837697982788
1.3559436798095703
2.0912203788757324
0.9736645221710205
1.5805408954620361
2.1641032695770264
0.6181025505065918
4.400607585906982
3.7014739513397217
1.0090928077697754
2.2268431186676025
1.77762770652771
2.5385992527008057
2.173929214477539
1.5185565948486328
2.440887451171875
2.1867074966430664
0.8719263076782227
2.554786443710327
1.7848296165466309
1.043337345123291
3.0521352291107178
0.9777524471282959
0.7981288433074951
0.8687162399291992
2.47481369972229
1.0877702236175537
1.179572582244873
0.9942591190338135
3.8753445148468018
1.1713762283325195
0.8594179153442383
2.762578248977661
0.7624742984771729
1.1788744926452637
2.995643138885498
1.3920352458953857
3.8807523250579834
0.5953123569488525
40.89100742340088
