2.4193084239959717
0.8905470371246338
2.6988048553466797
2.583052396774292
0.9862549304962158
2.264225482940674
2.1039605140686035
0.9297175407409668
0.7785310745239258
1.9680070877075195
0.7416112422943115
2.172489643096924
1.5595595836639404
2.599226951599121
1.8438613414764404
1.0849761962890625
2.359797716140747
0.8867061138153076
1.9972987174987793
1.1748995780944824
0.8819675445556641
3.779625415802002
2.352320432662964
1.9749352931976318
2.2026376724243164
0.6710939407348633
2.4919273853302
2.4931886196136475
0.9946725368499756
3.0719146728515625
3.7889506816864014
2.6805694103240967
2.289539337158203
2.378772020339966
1.2799317836761475
2.8749325275421143
2.362109899520874
2.3626394271850586
0.7982316017150879
1.1923060417175293
3.7614011764526367
0.7807877063751221
3.9894373416900635
2.661868095397949
1.259610652923584
2.277061700820923
1.8960332870483398
0.9765160083770752
0.7812893390655518
2.7870540618896484
0.8015589714050293
1.6721787452697754
1.4637203216552734
1.581712007522583
1.3843834400177002
2.056187391281128
2.3801188468933105
0.9115293025970459
1.8652632236480713
1.5868711471557617
3.192457914352417
1.9016823768615723
1.3985881805419922
2.050051212310791
2.075468063354492
3.0835256576538086
1.0739336013793945
0.9805760383605957
1.768160104751587
1.8846216201782227
1.593815803527832
1.187525749206543
2.3722426891326904
2.604274034500122
1.1806714534759521
1.2707600593566895
2.761594295501709
0.8933722972869873
1.4569478034973145
0.8805618286132812
2.2793827056884766
0.7683043479919434
2.2618563175201416
0.7772116661071777
2.7886061668395996
2.759986400604248
0.9707179069519043
0.7868566513061523
1.3920445442199707
2.877241373062134
3.678347587585449
2.3722894191741943
2.4567482471466064
0.861309289932251
1.1837408542633057
1.4860236644744873
3.0839247703552246
1.5909202098846436
0.48791050910949707
1.9836711883544922
41.07915186882019
