0.9533894062042236
2.077317476272583
1.3308937549591064
1.1216163635253906
1.8473267555236816
1.7661898136138916
2.2030160427093506
0.8553910255432129
0.9317772388458252
2.6888132095336914
2.359022855758667
1.1794402599334717
2.191870927810669
1.320493459701538
0.9913818836212158
0.7764718532562256
3.474306106567383
0.8968214988708496
0.7865490913391113
0.8754985332489014
2.5585012435913086
1.1804451942443848
0.8990206718444824
1.1926357746124268
1.121103048324585
2.4791717529296875
4.6648101806640625
2.1542532444000244
4.286996603012085
1.7754201889038086
3.379240036010742
2.4667882919311523
3.169334650039673
1.4836406707763672
2.8680920600891113
0.8078212738037109
0.8740224838256836
2.5277254581451416
1.175135612487793
1.0982613563537598
1.1804280281066895
1.7276418209075928
2.5621516704559326
0.6918172836303711
2.3647544384002686
1.2698724269866943
1.0960431098937988
0.8830265998840332
0.9488577842712402
1.1869447231292725
2.2670836448669434
1.1779870986938477
1.7875776290893555
1.1887342929840088
1.2788400650024414
1.3628900051116943
0.969102144241333
1.9900603294372559
2.785480260848999
0.9602034091949463
0.919562578201294
3.7855401039123535
0.8009326457977295
2.366560935974121
1.1862461566925049
1.892376184463501
1.6991519927978516
2.3024098873138428
3.859023332595825
3.1475274562835693
1.1965148448944092
2.3646304607391357
0.7951948642730713
1.2770648002624512
1.0934205055236816
4.9736621379852295
1.9692769050598145
0.8982894420623779
0.8158440589904785
1.0844037532806396
2.036907434463501
4.800438165664673
1.6990292072296143
0.7751011848449707
3.1412556171417236
2.003952741622925
3.6580684185028076
4.681296110153198
2.070158004760742
1.592592477798462
2.1483116149902344
0.9750611782073975
0.9689795970916748
2.7849037647247314
1.379173994064331
2.8607683181762695
0.9780673980712891
0.8868575096130371
2.1506664752960205
1.1487739086151123
39.1938579082489
