1.2278215885162354
2.1148440837860107
4.37206244468689
1.1085293292999268
2.0631752014160156
1.0584781169891357
3.266718864440918
1.4832050800323486
1.1996047496795654
4.488652229309082
1.084427833557129
0.8974111080169678
0.9952781200408936
1.2590739727020264
2.571648359298706
0.777428150177002
2.669255495071411
0.8808729648590088
2.0936660766601562
2.2903873920440674
1.5523943901062012
2.090287923812866
0.8913757801055908
0.8750705718994141
1.7825636863708496
0.7856900691986084
2.355987787246704
1.1894028186798096
1.9708211421966553
0.8721473217010498
1.2868361473083496
1.5760133266448975
3.9140851497650146
1.1856536865234375
1.8903818130493164
1.0143647193908691
4.073235750198364
2.43727445602417
1.0217311382293701
2.478360891342163
2.664092779159546
1.2472290992736816
2.286811351776123
1.7963769435882568
1.2002499103546143
1.4593493938446045
0.8797328472137451
1.411027431488037
3.1393613815307617
1.1379804611206055
2.078545570373535
2.3830296993255615
0.6961467266082764
1.2689638137817383
2.2760207653045654
0.8838801383972168
1.2695190906524658
3.1865034103393555
3.276188611984253
2.593740940093994
3.8737282752990723
1.1019916534423828
1.086245059967041
1.2650728225708008
0.6770930290222168
2.491964101791382
2.563307046890259
1.9893457889556885
0.9741172790527344
4.190433740615845
1.9835779666900635
2.05999755859375
3.1642136573791504
3.0804738998413086
2.6063036918640137
1.0238831043243408
0.9546823501586914
0.7889835834503174
1.193113088607788
0.8838415145874023
0.6940457820892334
1.0728094577789307
4.779415130615234
1.851388931274414
2.5795888900756836
2.9596643447875977
2.25886869430542
1.480607509613037
2.1647541522979736
1.9875035285949707
1.8856866359710693
0.5868144035339355
4.375486135482788
0.8998641967773438
2.6820454597473145
3.179743528366089
1.8233907222747803
0.778383731842041
1.9629528522491455
0.791426420211792
39.46604657173157
