0.6754899024963379
2.4085707664489746
5.080801248550415
4.877708911895752
0.9927403926849365
3.785038709640503
2.598487377166748
0.7046852111816406
6.896009922027588
0.9830701351165771
3.97627329826355
0.9920599460601807
4.485874891281128
2.759448289871216
0.977576494216919
2.4685559272766113
3.0888173580169678
1.2884395122528076
1.0921621322631836
1.4422264099121094
2.758554220199585
0.7968125343322754
0.789421558380127
2.1914751529693604
2.188270330429077
2.4004857540130615
2.671339273452759
1.169889211654663
3.2783663272857666
2.1159393787384033
1.0143077373504639
1.1615543365478516
1.028634786605835
4.306562662124634
3.091911554336548
0.8737943172454834
1.3746769428253174
2.5548019409179688
1.6862502098083496
0.8950116634368896
2.993136167526245
1.184272289276123
0.9602735042572021
2.4550235271453857
2.3995778560638428
1.0304243564605713
2.3629019260406494
0.9722635746002197
2.097771406173706
3.9701297283172607
0.8932273387908936
0.696403980255127
1.3036723136901855
1.2547104358673096
0.6933107376098633
1.4677472114562988
1.0153908729553223
0.7658743858337402
2.760863780975342
0.9706158638000488
0.9637579917907715
1.5963213443756104
1.3836917877197266
1.2775719165802002
0.8065435886383057
3.2682061195373535
1.1722640991210938
2.689077377319336
0.9552586078643799
2.682112693786621
1.7586605548858643
1.2790613174438477
0.9631767272949219
1.586014986038208
1.397599697113037
2.7608802318573
3.1841139793395996
0.8832263946533203
1.1812152862548828
0.7741923332214355
1.2667310237884521
1.8786065578460693
3.3675382137298584
0.9997332096099854
1.857543706893921
0.976250410079956
2.375816822052002
0.7919273376464844
2.9760308265686035
0.7109313011169434
2.7855281829833984
2.5711801052093506
0.8841464519500732
1.1701898574829102
2.250620126724243
1.9729115962982178
1.1868770122528076
1.292480230331421
2.078660249710083
0.6796746253967285
42.86630630493164
