2.0827903747558594
2.0414488315582275
1.0899102687835693
2.367302656173706
1.4676363468170166
1.4838759899139404
0.8796026706695557
1.3916780948638916
2.6747887134552
3.270761728286743
1.964125394821167
3.2759478092193604
3.972391366958618
3.0978505611419678
0.9734694957733154
0.9839756488800049
1.3930504322052002
1.4732029438018799
1.104724407196045
2.580707550048828
1.8973922729492188
0.9933295249938965
2.482409954071045
1.885068416595459
0.8570616245269775
2.4783074855804443
1.9670579433441162
1.5745153427124023
1.0034370422363281
1.0665640830993652
2.8564910888671875
0.7974612712860107
0.7003741264343262
2.5748043060302734
1.6782667636871338
2.583423137664795
1.2820687294006348
1.3833074569702148
1.3705143928527832
1.3880400657653809
2.468388795852661
0.6945445537567139
1.7863810062408447
2.3074707984924316
1.0689120292663574
3.4721157550811768
3.4053804874420166
1.3792107105255127
1.7458384037017822
1.066063404083252
1.192073106765747
1.5687010288238525
1.0646071434020996
0.8969082832336426
0.801398754119873
2.0657613277435303
1.7774684429168701
0.8653521537780762
0.7802741527557373
2.3806159496307373
2.680298089981079
0.961353063583374
0.7908620834350586
2.186084508895874
1.8756136894226074
1.134934663772583
1.0767474174499512
1.769871473312378
2.5888257026672363
1.498258352279663
2.2670130729675293
0.7828013896942139
1.0903396606445312
2.2958240509033203
2.48923659324646
0.8754866123199463
1.0950522422790527
2.2621705532073975
0.7697796821594238
1.9654054641723633
0.6888818740844727
1.1949105262756348
1.7777626514434814
0.9792215824127197
1.9701862335205078
1.1811645030975342
0.680509090423584
2.3605711460113525
0.971468448638916
1.875382900238037
2.4894957542419434
1.183006763458252
2.2453887462615967
0.9776840209960938
0.7953517436981201
0.7958528995513916
2.08278489112854
1.8796360492706299
1.6680641174316406
2.479322671890259
38.26054644584656
