2.2031612396240234
2.3100788593292236
0.8826096057891846
2.4062345027923584
2.609441041946411
0.704303503036499
2.514845609664917
1.4649443626403809
2.4613192081451416
2.8879358768463135
1.5841429233551025
2.7559609413146973
4.979246377944946
2.655282735824585
1.488252878189087
0.8843762874603271
3.158679246902466
2.1902992725372314
4.786360025405884
2.3716087341308594
2.181826591491699
2.6712546348571777
2.162278175354004
0.7958366870880127
2.379441261291504
1.1875624656677246
1.6974577903747559
0.9948351383209229
0.6789586544036865
1.9766576290130615
1.1738054752349854
1.788992166519165
1.1760449409484863
1.6764440536499023
2.2978248596191406
1.49271821975708
2.588418483734131
1.8640334606170654
1.4707202911376953
1.5716955661773682
2.496124267578125
1.898716688156128
3.4843451976776123
2.0815439224243164
1.1947517395019531
1.4764180183410645
0.7745232582092285
2.37092661857605
0.7035925388336182
3.4730560779571533
1.0738801956176758
0.9761960506439209
1.0560963153839111
1.8643522262573242
0.9886736869812012
0.9920458793640137
3.4765307903289795
1.2410812377929688
2.150386333465576
1.077296495437622
0.8735256195068359
1.1004676818847656
3.4645040035247803
0.7803628444671631
0.8801364898681641
2.561861991882324
1.480423927307129
1.3805100917816162
3.8244435787200928
1.7024941444396973
1.204054355621338
0.9997763633728027
1.4807050228118896
0.9470746517181396
0.9795868396759033
2.3562722206115723
0.47489333152770996
3.7072932720184326
1.1981148719787598
1.9799566268920898
2.1781442165374756
0.7612371444702148
1.3500313758850098
0.988706111907959
1.1989848613739014
0.5834200382232666
3.1843323707580566
0.9738571643829346
1.4716498851776123
0.6887171268463135
2.0518534183502197
0.8617379665374756
1.062046766281128
2.4323339462280273
2.6762919425964355
2.658853769302368
2.979541063308716
0.9863307476043701
0.48343729972839355
1.1997361183166504
38.16034817695618
