2.5209803581237793
0.908761739730835
4.711044549942017
2.516517162322998
0.9386613368988037
1.488354206085205
0.9005424976348877
1.0059893131256104
1.162057876586914
2.7818448543548584
1.3896102905273438
1.2729580402374268
1.7800509929656982
0.8821609020233154
3.071371078491211
2.38301157951355
4.159569025039673
3.4918932914733887
0.9716320037841797
1.872448444366455
1.680206060409546
1.986499547958374
2.057811975479126
1.2000114917755127
2.0228922367095947
2.0925116539001465
1.4676406383514404
2.583057165145874
1.0657930374145508
2.0894365310668945
1.266495704650879
1.4796888828277588
2.040620803833008
2.250433921813965
0.9673137664794922
1.3832271099090576
0.9875190258026123
1.1060619354248047
0.8763751983642578
2.0904574394226074
0.9822356700897217
1.29024338722229
1.490056037902832
2.06908917427063
1.1785898208618164
1.1626064777374268
1.9825677871704102
0.7949450016021729
2.0779945850372314
1.0485005378723145
3.2818217277526855
0.7135934829711914
1.4512255191802979
2.0859124660491943
2.0666873455047607
1.2585175037384033
1.9731543064117432
2.2640864849090576
1.0855228900909424
0.8830537796020508
1.2878260612487793
2.550144910812378
1.2847213745117188
0.8998734951019287
0.7713806629180908
2.1919846534729004
4.062183380126953
2.477921485900879
2.462383985519409
1.0860493183135986
0.8948850631713867
2.184372901916504
2.0655477046966553
1.9882407188415527
2.072655439376831
1.262772798538208
3.493187189102173
3.776845932006836
2.5857248306274414
2.99192476272583
2.7887213230133057
4.148633003234863
2.0736429691314697
0.8782670497894287
3.6973159313201904
2.480586051940918
0.757490873336792
4.562493562698364
3.662722110748291
1.6790382862091064
1.660370111465454
4.376520872116089
0.6990528106689453
3.589048385620117
1.49003005027771
0.6864147186279297
0.4835777282714844
2.268669366836548
0.6716170310974121
0.8796463012695312
41.085554361343384
