2.334401845932007
1.0985674858093262
4.380370140075684
3.466085910797119
1.8883299827575684
1.185887336730957
2.3588273525238037
2.1849114894866943
3.1797502040863037
0.8834109306335449
2.4382474422454834
2.163728952407837
3.2578072547912598
2.0593132972717285
4.171397924423218
0.9089159965515137
1.4053363800048828
5.170196533203125
1.8823072910308838
0.8858439922332764
2.3532724380493164
4.466575622558594
5.0119874477386475
0.8094854354858398
4.077013969421387
1.484731912612915
0.7325801849365234
2.191479206085205
2.15570330619812
3.293431520462036
2.8976104259490967
1.7079644203186035
0.9468388557434082
1.2952666282653809
1.3835296630859375
1.3517265319824219
2.6886396408081055
1.195338249206543
1.1072626113891602
1.4807767868041992
3.450345039367676
0.7933061122894287
0.881842851638794
4.196621894836426
1.6667418479919434
1.6841390132904053
0.8068952560424805
3.7607624530792236
2.4023003578186035
2.4136979579925537
3.267059087753296
0.6789588928222656
0.8811056613922119
0.7888550758361816
0.6940467357635498
1.1556222438812256
2.7677979469299316
2.158090353012085
1.2803065776824951
0.6899886131286621
3.5452098846435547
0.8445465564727783
2.4135184288024902
4.259162902832031
2.5786991119384766
2.2734246253967285
1.9915771484375
4.378091335296631
2.1656086444854736
2.498131036758423
1.199937343597412
2.1787266731262207
2.366793155670166
2.5947208404541016
0.9854822158813477
1.084897756576538
1.6962966918945312
1.3334383964538574
2.5020785331726074
1.6901700496673584
1.9451563358306885
0.8806502819061279
1.0802996158599854
1.0970780849456787
1.0126361846923828
2.5885865688323975
3.562748670578003
0.680150032043457
3.6825172901153564
0.9601473808288574
2.370638608932495
1.6687541007995605
1.6967582702636719
2.08750581741333
0.8769152164459229
0.7951085567474365
1.181990385055542
0.8626508712768555
0.7883880138397217
1.3979201316833496
45.29120230674744
