0.8822329044342041
1.0679128170013428
0.8868706226348877
2.249269723892212
0.6928372383117676
2.030808687210083
1.1716575622558594
1.276944875717163
1.3501715660095215
2.374425172805786
2.4655628204345703
5.593885183334351
1.0716147422790527
0.7804079055786133
1.6766984462738037
2.268456220626831
2.543362617492676
1.8616266250610352
0.6748275756835938
3.4078075885772705
1.1794908046722412
2.1655049324035645
2.8861489295959473
2.1755316257476807
4.081913709640503
1.1616430282592773
3.561913251876831
2.2766497135162354
1.2518396377563477
3.555514097213745
1.895568609237671
0.897902250289917
4.271925687789917
1.8801634311676025
2.8532488346099854
1.809490442276001
2.467048168182373
4.965246915817261
1.3988611698150635
0.9946901798248291
0.982764482498169
1.1658720970153809
7.009881019592285
1.3015809059143066
1.5035247802734375
1.087747573852539
1.2785992622375488
0.987868070602417
2.670790672302246
5.58796501159668
2.199226140975952
1.7041015625
1.6014735698699951
1.0382335186004639
1.0354318618774414
1.7762932777404785
0.7949109077453613
1.189537763595581
1.9792256355285645
4.688483715057373
0.8670194149017334
5.038862705230713
0.6950323581695557
3.3960461616516113
3.478672981262207
0.804699182510376
2.9716897010803223
3.665311813354492
0.9928419589996338
4.472211122512817
0.8115785121917725
0.9804060459136963
2.283588409423828
2.478853225708008
7.385238170623779
1.149815320968628
1.1983730792999268
2.3797767162323
1.476365327835083
0.8866260051727295
2.300947427749634
0.868788480758667
0.876945972442627
2.798192262649536
0.38636040687561035
1.9668872356414795
1.0739140510559082
2.288229465484619
0.9934694766998291
5.570270538330078
1.0848548412322998
2.7512969970703125
0.5791280269622803
3.410614252090454
0.6822671890258789
0.8960812091827393
1.8765740394592285
5.093201637268066
2.8646209239959717
3.147589683532715
46.41578912734985
