3.1658775806427
0.6846301555633545
0.7815289497375488
1.4152085781097412
2.1979265213012695
0.7838668823242188
2.487394332885742
2.1751136779785156
2.356811761856079
3.68790340423584
0.900707483291626
1.7052538394927979
2.0819263458251953
2.3802154064178467
1.0234506130218506
1.6820433139801025
1.2223608493804932
1.171722173690796
1.9549579620361328
3.0920848846435547
1.5798144340515137
1.0747785568237305
1.683196783065796
1.9939558506011963
3.1925854682922363
2.3688313961029053
2.469205141067505
2.4310131072998047
1.8249099254608154
0.5597949028015137
1.3571562767028809
0.9087200164794922
4.175152063369751
3.4634320735931396
1.598581314086914
0.8860487937927246
0.7806992530822754
2.6784164905548096
3.3945395946502686
0.8886134624481201
2.598417043685913
1.0104179382324219
0.8887283802032471
1.000894546508789
0.9148678779602051
0.7990164756774902
0.9219303131103516
0.6801307201385498
1.0192184448242188
3.4915287494659424
1.1901369094848633
3.7528719902038574
0.7541625499725342
1.9428379535675049
0.9541058540344238
0.8862016201019287
3.66837739944458
2.099907875061035
2.727381944656372
2.310426950454712
3.174423933029175
2.3608686923980713
5.302008628845215
4.071914911270142
1.1024487018585205
0.7752053737640381
2.3020215034484863
2.475153684616089
1.0108990669250488
2.3480143547058105
0.84991455078125
0.9534449577331543
4.373974800109863
0.8920478820800781
0.963294506072998
2.663628578186035
0.8290894031524658
2.4793198108673096
0.7864625453948975
0.9869434833526611
0.5744693279266357
2.5748448371887207
1.9386651515960693
2.3899409770965576
4.881146430969238
1.2792930603027344
1.6838464736938477
1.5307891368865967
1.05134916305542
1.4678492546081543
0.8821868896484375
3.5391228199005127
1.5235207080841064
0.8661293983459473
5.483152389526367
0.7264232635498047
1.0644514560699463
1.6857309341430664
0.9687950611114502
1.5961253643035889
41.19790077209473
