1.3919644355773926
4.8814613819122314
3.662431001663208
1.7635178565979004
1.012110710144043
1.2690036296844482
0.6708695888519287
0.9943957328796387
3.1819491386413574
1.0117385387420654
1.0957272052764893
2.7908201217651367
1.8597898483276367
1.5772285461425781
1.7889397144317627
4.677894830703735
2.3786661624908447
2.308124542236328
3.5704433917999268
3.8778016567230225
2.1913044452667236
0.8987846374511719
5.18761682510376
1.5823214054107666
0.9687542915344238
2.759819746017456
1.28255033493042
3.2829651832580566
3.130234479904175
1.482084035873413
3.587153434753418
2.874319553375244
1.1798484325408936
0.6765909194946289
0.8873212337493896
1.6739566326141357
0.8740968704223633
0.5857815742492676
0.6782801151275635
1.6913623809814453
2.173891305923462
0.6698911190032959
0.7892382144927979
4.273737907409668
1.0924363136291504
0.9651567935943604
5.478608846664429
0.9830543994903564
0.8746333122253418
3.469714879989624
2.1105384826660156
0.9692418575286865
1.5810537338256836
1.3140382766723633
0.8746480941772461
2.4741458892822266
3.287522077560425
2.3858518600463867
1.4592962265014648
3.771331548690796
0.8883967399597168
1.2855873107910156
1.7798662185668945
1.0830016136169434
1.7825820446014404
2.617515802383423
0.9700217247009277
0.6728379726409912
2.6554253101348877
1.1608774662017822
1.4859657287597656
2.5567750930786133
1.1031076908111572
2.0772714614868164
1.6903164386749268
1.4819285869598389
1.183673620223999
2.5576510429382324
0.5776369571685791
0.9736087322235107
1.112595558166504
4.000206708908081
3.9071903228759766
1.7716870307922363
4.559192419052124
1.1921029090881348
0.9872889518737793
0.793081521987915
2.3081536293029785
0.8803365230560303
0.9873738288879395
1.1873939037322998
2.471586227416992
3.5715324878692627
2.564230442047119
0.9020016193389893
2.462764024734497
3.897059202194214
0.6805784702301025
1.850236415863037
43.959158182144165
