1.959939956665039
0.772059440612793
1.0166592597961426
1.036633014678955
0.9804415702819824
7.506781578063965
1.092655897140503
0.8910136222839355
5.115124702453613
2.3567378520965576
0.9930336475372314
1.1060829162597656
1.5900154113769531
1.1797213554382324
4.7899253368377686
0.7716255187988281
1.0800890922546387
2.0601720809936523
1.760098934173584
3.3713290691375732
1.8723676204681396
0.8783690929412842
1.0905194282531738
1.087104082107544
3.01324462890625
1.2851486206054688
0.7932133674621582
2.7434756755828857
2.158085823059082
4.990544557571411
0.8795340061187744
2.2680680751800537
1.2740378379821777
0.8946857452392578
0.8663299083709717
4.784240961074829
0.8069825172424316
0.9835515022277832
1.1860969066619873
4.363242864608765
3.865058422088623
1.7913687229156494
0.8836324214935303
0.8974597454071045
1.5147771835327148
4.360781908035278
0.8548791408538818
0.8069009780883789
1.6679325103759766
1.6364352703094482
2.381784439086914
0.8926100730895996
0.7843868732452393
0.9797728061676025
5.902464389801025
1.1083457469940186
0.7805519104003906
1.0776653289794922
1.0738413333892822
1.015401840209961
1.3421707153320312
0.6669538021087646
0.9805517196655273
1.7979121208190918
1.0005393028259277
0.8769869804382324
1.368351697921753
1.2733492851257324
2.5647318363189697
1.1216058731079102
1.2638788223266602
2.403136968612671
2.179973840713501
2.07802677154541
1.985044240951538
3.9724626541137695
2.8540501594543457
1.203397274017334
4.361950159072876
0.7661342620849609
2.4136459827423096
0.9813928604125977
3.2665536403656006
2.6847026348114014
0.9434428215026855
0.9647097587585449
0.6977860927581787
2.2736093997955322
0.8906536102294922
1.0092175006866455
1.2763104438781738
1.15557861328125
2.493276357650757
1.1948843002319336
2.060978651046753
2.2701075077056885
2.777616500854492
0.8762311935424805
0.9787209033966064
1.0013227462768555
39.961397886276245
