0.7827441692352295
1.062150239944458
2.3959689140319824
3.787971019744873
0.80367112159729
2.656076431274414
1.880509376525879
1.6999633312225342
2.482736587524414
2.360801935195923
1.2353284358978271
0.79146409034729
0.7703258991241455
1.869859218597412
4.803225755691528
2.537273645401001
0.7916526794433594
1.990968942642212
1.2130634784698486
2.5663938522338867
2.4624574184417725
0.7715575695037842
2.244678258895874
2.5136754512786865
3.3566713333129883
3.00962233543396
2.377481460571289
1.0407297611236572
2.9843602180480957
0.5794479846954346
2.9707906246185303
1.0759854316711426
0.795886754989624
3.1717944145202637
0.8846004009246826
4.767915725708008
0.8393621444702148
0.9597370624542236
0.8793003559112549
2.1953001022338867
2.995567560195923
1.5865528583526611
0.89398193359375
0.8816547393798828
1.0903589725494385
3.9242403507232666
1.0791995525360107
0.7009716033935547
1.7758054733276367
1.3743009567260742
1.6023445129394531
1.3632473945617676
0.9086523056030273
2.645371675491333
1.4694006443023682
2.423818588256836
2.9610588550567627
1.1839768886566162
0.6988787651062012
1.2904512882232666
1.2945308685302734
1.1627190113067627
2.784766674041748
0.9374303817749023
0.7931017875671387
3.3690903186798096
2.32505464553833
2.184803009033203
1.0521740913391113
0.9448156356811523
2.487586498260498
1.0145471096038818
1.2226040363311768
4.592626094818115
1.163973331451416
2.4003946781158447
1.3852152824401855
1.6922519207000732
1.6948034763336182
2.873603105545044
4.0639402866363525
1.085409164428711
3.081153154373169
1.8796560764312744
0.8803787231445312
2.3529882431030273
0.9988970756530762
1.208801507949829
1.993501901626587
1.07741379737854
3.1754488945007324
3.1493186950683594
3.808354377746582
0.984001874923706
2.4836208820343018
0.8875367641448975
0.8731100559234619
0.7879226207733154
2.054372787475586
4.075829744338989
40.51431393623352
