0.7623412609100342
0.9965574741363525
1.1797726154327393
2.837183713912964
1.2054879665374756
2.1615142822265625
1.5709688663482666
1.5869126319885254
0.7847099304199219
0.7810215950012207
0.8869595527648926
3.398447275161743
1.0787382125854492
0.9685661792755127
1.3739428520202637
0.9795737266540527
1.9795405864715576
3.3833892345428467
1.274244785308838
1.91011643409729
1.1967723369598389
0.9814126491546631
3.6638879776000977
1.0150890350341797
2.2614173889160156
2.3822121620178223
2.265049695968628
3.0613820552825928
3.2708964347839355
3.2920310497283936
0.8835606575012207
2.6087775230407715
1.2008180618286133
1.5379729270935059
1.0804696083068848
1.8769431114196777
2.766186237335205
0.8822100162506104
0.7845690250396729
2.488438844680786
1.0895800590515137
1.0038816928863525
2.075685739517212
0.9655845165252686
1.2737908363342285
2.5627517700195312
0.9015219211578369
3.158370018005371
2.8077290058135986
2.6718785762786865
0.5829544067382812
1.5538275241851807
0.9025804996490479
1.0006093978881836
2.5674245357513428
0.7777605056762695
0.865757942199707
1.3864772319793701
2.069756507873535
2.5577480792999268
1.4850335121154785
2.6607298851013184
3.980191230773926
2.5020651817321777
2.549862861633301
0.875906229019165
4.083874225616455
1.1831908226013184
1.090228796005249
1.080606460571289
0.7901225090026855
2.2871148586273193
1.1882147789001465
2.4416043758392334
0.9680156707763672
1.866159200668335
2.6641077995300293
1.545821189880371
0.9951961040496826
2.059501886367798
1.932579517364502
0.6962835788726807
1.6585257053375244
1.1016809940338135
1.9789161682128906
0.6879353523254395
1.170128345489502
3.1834487915039062
1.1879241466522217
2.4804062843322754
1.487318754196167
0.8950366973876953
1.384662389755249
1.1995759010314941
2.2641897201538086
0.7898216247558594
0.8895003795623779
2.3709354400634766
3.855149507522583
4.189439296722412
39.46722197532654
