1.0657761096954346
2.4163639545440674
1.9687001705169678
0.8145251274108887
1.4972760677337646
2.275709390640259
0.863800048828125
0.7071681022644043
2.27066969871521
1.4849231243133545
1.8551397323608398
1.4625799655914307
1.8814187049865723
2.458301067352295
1.9679477214813232
1.370507001876831
1.3470652103424072
3.174116373062134
1.198218584060669
2.278949022293091
1.7937395572662354
2.0824077129364014
2.4838743209838867
4.590028762817383
2.280881881713867
1.3922040462493896
1.3043622970581055
3.2862393856048584
1.1967883110046387
2.5516114234924316
2.0550055503845215
1.6913325786590576
0.8836166858673096
2.372431993484497
1.170116901397705
0.8852558135986328
3.167447566986084
0.8912858963012695
1.1030147075653076
2.793135166168213
2.685899257659912
0.9910087585449219
0.9142732620239258
0.8753104209899902
0.6874942779541016
2.3664774894714355
1.0654842853546143
0.9041683673858643
0.975907564163208
2.9532463550567627
2.599949359893799
1.5836141109466553
0.8980045318603516
0.7712352275848389
1.5726399421691895
2.5734570026397705
1.3780293464660645
2.1900336742401123
0.8667929172515869
1.8910260200500488
1.6782691478729248
0.847977876663208
0.7877407073974609
2.6115944385528564
2.6888668537139893
2.088453769683838
2.774521589279175
2.2790489196777344
3.2534215450286865
2.1661899089813232
0.9828159809112549
1.9032981395721436
2.195507764816284
1.3837039470672607
0.8610293865203857
1.7758393287658691
0.5737335681915283
2.467679262161255
1.1931142807006836
1.7869584560394287
2.569469690322876
2.1680643558502197
1.588977575302124
2.7740190029144287
1.2243273258209229
1.6602842807769775
0.8624520301818848
2.1950533390045166
1.8516936302185059
2.1586289405822754
1.0630104541778564
2.695906400680542
1.9017338752746582
1.26999831199646
0.9795236587524414
1.7698311805725098
2.5587761402130127
0.6865396499633789
3.2639803886413574
0.7948782444000244
39.1472864151001
