1.4082562923431396
3.2104766368865967
2.4828693866729736
2.5310795307159424
1.0958836078643799
0.7891635894775391
2.278343915939331
2.380776882171631
2.1999495029449463
2.5744469165802
1.079054832458496
1.202331781387329
0.769207239151001
1.0658950805664062
0.9985237121582031
0.8038663864135742
1.069551706314087
2.5767550468444824
1.4535176753997803
1.075338363647461
2.194401264190674
1.0985157489776611
0.8026437759399414
1.0384161472320557
1.5717759132385254
3.267299175262451
1.7907311916351318
2.654664993286133
1.6664867401123047
2.9639086723327637
1.4746756553649902
0.8817694187164307
0.861250638961792
3.271702289581299
1.998549222946167
1.0898513793945312
2.3745951652526855
0.7970497608184814
0.8796017169952393
1.0805747509002686
0.8979082107543945
1.5861165523529053
2.09899640083313
0.9331064224243164
1.7926366329193115
2.157616376876831
0.9462354183197021
1.1817450523376465
1.5943751335144043
1.0786969661712646
0.9858174324035645
2.805638074874878
1.5790433883666992
3.674609422683716
2.09016489982605
2.0747275352478027
1.1680452823638916
1.8708946704864502
0.7975945472717285
1.9771242141723633
2.1666104793548584
3.3698275089263916
1.9425480365753174
1.0183250904083252
1.127580165863037
4.909104585647583
3.4656763076782227
1.9148566722869873
2.875561237335205
1.972109079360962
2.1763975620269775
0.6149625778198242
0.9817912578582764
0.9900891780853271
1.1848273277282715
0.9720554351806641
1.4864788055419922
2.3875269889831543
1.7667460441589355
4.095820665359497
3.8006343841552734
2.157287120819092
0.8020484447479248
0.8993513584136963
2.2554264068603516
0.8902018070220947
1.8833427429199219
1.15751051902771
0.8813786506652832
0.7589523792266846
0.7822189331054688
1.0024926662445068
1.2854523658752441
1.9976716041564941
1.4545707702636719
1.9726192951202393
1.5756404399871826
4.377641201019287
4.979616403579712
0.8856191635131836
39.00120449066162
