0.9058623313903809
0.9665310382843018
0.9762427806854248
2.7525415420532227
0.9292087554931641
1.9913990497589111
2.4953768253326416
2.9392037391662598
3.3748669624328613
1.3222391605377197
2.567946195602417
0.8858706951141357
0.6896874904632568
1.4627737998962402
2.0790507793426514
1.6021802425384521
1.066610336303711
0.8763177394866943
1.0671617984771729
3.890791416168213
1.961585521697998
2.084397077560425
1.18400239944458
2.5320897102355957
2.3422210216522217
2.279219150543213
2.591942071914673
1.0850975513458252
4.085732936859131
1.2599506378173828
1.308119297027588
4.203079462051392
1.1848704814910889
0.9230930805206299
2.131588935852051
2.4679126739501953
0.7947356700897217
4.275694131851196
1.9619255065917969
0.9010453224182129
4.67379903793335
2.39251446723938
2.38339900970459
0.6746969223022461
2.1963090896606445
4.200786113739014
0.8854451179504395
0.8002264499664307
2.269706964492798
2.888868808746338
4.067840814590454
1.3568470478057861
0.8887765407562256
2.779125928878784
1.010136365890503
2.184157371520996
2.4569411277770996
1.8672220706939697
1.2114841938018799
0.7804110050201416
0.9941990375518799
1.009061336517334
0.8898606300354004
2.3982126712799072
0.818091869354248
1.3865172863006592
1.6994543075561523
1.1687290668487549
0.8791899681091309
1.0687918663024902
2.1741690635681152
2.5851430892944336
2.798403739929199
2.575756549835205
3.5595920085906982
5.399299383163452
2.765312433242798
4.270375967025757
3.290398359298706
1.0636873245239258
0.7897024154663086
3.7255311012268066
1.0753612518310547
2.028259038925171
1.0838446617126465
0.970524787902832
1.8647921085357666
3.060765027999878
0.7807018756866455
0.8969559669494629
1.3776781558990479
0.6901857852935791
4.069291830062866
2.9807400703430176
3.26058030128479
2.276427984237671
2.566673517227173
2.3529574871063232
3.7676689624786377
0.7765836715698242
43.4825701713562
