0.5919156074523926
0.7347838878631592
0.5331282615661621
0.532193660736084
0.54239821434021
0.7280526161193848
0.5257594585418701
0.623058557510376
0.7251315116882324
0.6293947696685791
0.706139326095581
0.7003834247589111
0.5996127128601074
0.64306640625
0.6314918994903564
0.7275259494781494
0.6247413158416748
0.5333857536315918
0.5204620361328125
0.41721534729003906
0.5369274616241455
0.574491024017334
0.7233953475952148
0.6017427444458008
0.6238241195678711
0.5937130451202393
0.5334811210632324
0.6287806034088135
0.5368881225585938
0.3959341049194336
0.622248649597168
0.715287446975708
0.5367176532745361
0.5055618286132812
0.5334470272064209
0.6973190307617188
0.6409568786621094
0.7238414287567139
0.6244523525238037
0.5263752937316895
0.7348880767822266
0.4004952907562256
0.642012357711792
0.5156774520874023
0.6257150173187256
0.5298595428466797
0.7407381534576416
0.7334463596343994
0.5233521461486816
0.7342827320098877
0.428692102432251
0.6233391761779785
0.5379796028137207
0.7254197597503662
0.5093972682952881
0.6397936344146729
0.6157197952270508
0.6354341506958008
0.6319706439971924
0.43918466567993164
0.6251757144927979
0.5957722663879395
0.5043635368347168
0.7284715175628662
0.5276648998260498
0.4226715564727783
0.5224647521972656
0.6922008991241455
0.6265945434570312
0.7290148735046387
0.3923821449279785
0.7175257205963135
0.6403639316558838
0.619375467300415
0.6417362689971924
0.7161886692047119
0.6309516429901123
0.7138516902923584
0.7299723625183105
0.6308128833770752
0.630518913269043
0.7310709953308105
0.5935196876525879
0.8493757247924805
0.7050309181213379
0.6276423931121826
0.5301570892333984
0.6332652568817139
0.7987265586853027
0.5303332805633545
0.40691494941711426
0.6144380569458008
0.8306872844696045
0.6278865337371826
0.6223688125610352
0.6025962829589844
0.5389895439147949
0.7286663055419922
0.6408634185791016
0.6299805641174316
69.07225918769836
