0.4860556125640869
0.6311628818511963
0.5218722820281982
0.5243630409240723
0.6344764232635498
0.5319416522979736
1.0739068984985352
0.6007146835327148
0.4183230400085449
0.8324480056762695
0.5283079147338867
0.522118330001831
0.5361411571502686
0.6070718765258789
0.7234001159667969
0.5333635807037354
0.8173809051513672
0.7442684173583984
0.6173176765441895
0.6217164993286133
0.714573860168457
0.7209501266479492
0.6220147609710693
0.5300002098083496
0.6311686038970947
0.5243501663208008
0.5276117324829102
0.530998706817627
0.5091209411621094
0.6238925457000732
0.49716711044311523
0.6259884834289551
0.4329659938812256
0.6212639808654785
0.9331846237182617
0.7210628986358643
0.7301578521728516
0.633573055267334
0.7252848148345947
0.5932013988494873
0.828697681427002
0.725766658782959
0.7319955825805664
0.6388909816741943
0.7155120372772217
0.4474470615386963
0.6289219856262207
0.7302212715148926
0.6215202808380127
0.602147102355957
0.6279995441436768
0.5165917873382568
0.5309896469116211
0.5364131927490234
0.7136669158935547
0.49118709564208984
0.6119167804718018
0.5291342735290527
0.6226754188537598
0.7043097019195557
0.5367691516876221
0.4884347915649414
0.7080526351928711
0.43508124351501465
0.6308200359344482
0.6401727199554443
0.7128822803497314
0.630420446395874
0.624518632888794
0.7305500507354736
0.5408687591552734
0.4275503158569336
0.728400707244873
0.819878339767456
0.5310573577880859
0.5210325717926025
0.3817636966705322
0.44098424911499023
0.42817139625549316
0.6244513988494873
0.6204934120178223
0.6337161064147949
0.7347011566162109
0.5163865089416504
0.5918340682983398
0.722520112991333
0.8310651779174805
0.5282394886016846
0.7252700328826904
0.6285760402679443
0.6261372566223145
0.8244893550872803
0.7324032783508301
0.7245731353759766
0.6400146484375
0.5250072479248047
0.5182039737701416
0.6295335292816162
0.6364712715148926
0.6225898265838623
69.66344904899597
