0.7006256580352783
0.3845503330230713
0.5294852256774902
0.5061101913452148
0.5241546630859375
0.5242488384246826
0.7253634929656982
0.5341057777404785
0.7209255695343018
0.6034748554229736
0.507392406463623
0.7231550216674805
0.5471663475036621
0.700916051864624
0.7219929695129395
0.589238166809082
0.5257055759429932
0.5391900539398193
0.5298283100128174
0.595496654510498
0.5431003570556641
0.6282370090484619
0.7274930477142334
0.5315952301025391
0.8351836204528809
0.7228291034698486
0.6302382946014404
0.5505983829498291
0.7127556800842285
0.5270681381225586
0.5341753959655762
0.5294783115386963
0.5269262790679932
0.629814863204956
0.4952421188354492
0.6296341419219971
0.5230262279510498
0.7520747184753418
0.49015283584594727
0.6208937168121338
0.6186647415161133
0.6196162700653076
0.5407445430755615
0.7167465686798096
0.5348680019378662
0.6379826068878174
0.6327624320983887
0.8073770999908447
0.6246860027313232
0.6250886917114258
0.5220427513122559
0.5346558094024658
0.4344160556793213
0.6012096405029297
0.6298878192901611
0.49883508682250977
0.7226688861846924
0.612668514251709
0.43039417266845703
0.5398941040039062
0.6209681034088135
0.7177751064300537
0.63165283203125
0.8360295295715332
0.639824390411377
0.48909831047058105
0.6138012409210205
0.8381626605987549
0.601262092590332
0.628751277923584
0.7218160629272461
0.7369105815887451
0.7390367984771729
0.7955541610717773
0.5424256324768066
0.6810126304626465
0.729515552520752
0.6161549091339111
0.40125226974487305
0.5257723331451416
0.5214023590087891
0.7981686592102051
0.3419628143310547
0.5883374214172363
0.5040719509124756
0.6393635272979736
0.5208368301391602
0.3444035053253174
0.580176591873169
0.6082663536071777
0.6401247978210449
0.5189213752746582
0.5043606758117676
0.6283330917358398
0.6364696025848389
0.6195168495178223
0.6393935680389404
0.7253005504608154
0.6915323734283447
0.5164859294891357
68.27308630943298
