0.4958944320678711
0.6218247413635254
0.6465380191802979
0.9192757606506348
0.7295544147491455
0.5831305980682373
0.5238473415374756
0.6242039203643799
0.6121978759765625
0.7161087989807129
0.6994073390960693
0.4832913875579834
0.524914026260376
0.7239532470703125
0.620253324508667
0.6345891952514648
0.5310776233673096
0.7336840629577637
0.6335139274597168
0.6251132488250732
0.637082576751709
0.5261125564575195
0.5322442054748535
0.5015478134155273
0.631328821182251
0.622239351272583
0.6280384063720703
0.9309258460998535
0.6363563537597656
0.8293533325195312
0.5184240341186523
0.4235978126525879
0.6192317008972168
0.6286783218383789
0.5178167819976807
0.7282857894897461
0.5327200889587402
0.6668131351470947
0.49851202964782715
0.5331666469573975
0.6102581024169922
0.8283417224884033
0.7345588207244873
0.48285675048828125
0.48059773445129395
0.8020408153533936
0.5281732082366943
0.636866569519043
0.6314845085144043
0.4892463684082031
0.41705846786499023
0.5329232215881348
0.5140907764434814
0.6968908309936523
0.7277576923370361
0.7165212631225586
0.7507946491241455
0.5967774391174316
0.7333269119262695
0.6272053718566895
0.4966552257537842
0.7331650257110596
0.5386042594909668
0.4395596981048584
0.7341101169586182
0.519834041595459
0.6319918632507324
0.742586612701416
0.7138080596923828
0.5454063415527344
0.5288958549499512
0.5953998565673828
0.5964994430541992
0.8010098934173584
0.5584518909454346
0.8146014213562012
0.4902341365814209
0.53128981590271
0.5270614624023438
0.6980407238006592
0.7120463848114014
0.6304581165313721
0.9273245334625244
0.5013043880462646
0.7313907146453857
0.7326009273529053
0.9173333644866943
0.721989631652832
0.5173294544219971
0.8233530521392822
0.632493257522583
0.7114667892456055
0.4125864505767822
0.599024772644043
0.6126890182495117
0.8322930335998535
0.7312841415405273
0.5876374244689941
0.7206401824951172
0.6296839714050293
71.17939376831055
