0.3047366142272949
0.7216124534606934
0.640902042388916
0.6374952793121338
0.5250494480133057
0.6146626472473145
0.6273298263549805
0.8351304531097412
0.6025943756103516
0.6365580558776855
0.7084248065948486
0.5234689712524414
0.8243815898895264
0.5816888809204102
0.5325078964233398
0.7281005382537842
0.705669641494751
0.8097095489501953
0.4368162155151367
0.5322389602661133
0.5919027328491211
0.734560489654541
0.7109546661376953
0.7175371646881104
0.6331026554107666
0.63547682762146
0.47742676734924316
0.6343228816986084
0.5272884368896484
0.4993479251861572
0.6233234405517578
0.6104226112365723
0.6338233947753906
1.002638339996338
0.8296740055084229
0.4906022548675537
0.6278219223022461
0.6429104804992676
0.6339199542999268
0.6246247291564941
0.7243404388427734
0.6254222393035889
0.6440434455871582
0.7210290431976318
0.6063642501831055
0.6350400447845459
0.4301326274871826
0.69673752784729
0.5371935367584229
0.4300572872161865
0.6102042198181152
0.42929863929748535
0.6186521053314209
0.5932011604309082
0.6979544162750244
0.6319098472595215
0.6258208751678467
0.5301434993743896
0.5388269424438477
0.8143599033355713
0.4294145107269287
0.5818967819213867
0.932098388671875
0.654202938079834
0.7084646224975586
0.630648136138916
0.6243705749511719
0.4446566104888916
0.5248723030090332
0.6220340728759766
0.7333390712738037
0.528688907623291
0.5036771297454834
0.9200365543365479
0.5406785011291504
0.606574296951294
0.6288237571716309
0.6351549625396729
0.7296197414398193
0.7207586765289307
0.7287030220031738
0.4236879348754883
0.690051794052124
0.6266729831695557
0.7005343437194824
0.6020393371582031
0.7203145027160645
0.5432937145233154
0.5200827121734619
0.5122847557067871
0.6191339492797852
0.6276812553405762
0.8022167682647705
0.8253173828125
0.7060229778289795
0.5322000980377197
0.7294445037841797
0.43888258934020996
0.5185391902923584
0.7174935340881348
70.67040729522705
