0.17112946510314941
0.7178728580474854
0.5342001914978027
0.5124924182891846
0.6168990135192871
0.731464147567749
0.48143553733825684
0.7246789932250977
0.5314538478851318
0.627004861831665
0.6394422054290771
0.6052043437957764
0.6353821754455566
0.8282792568206787
0.41921329498291016
0.5131115913391113
0.42142772674560547
0.5348856449127197
0.5269386768341064
0.635913610458374
0.6330914497375488
0.6225714683532715
0.7037692070007324
0.4989814758300781
0.6354389190673828
0.6916055679321289
0.6140315532684326
0.6104986667633057
0.5984914302825928
0.7981359958648682
0.5280163288116455
0.6253678798675537
0.6377160549163818
0.4288973808288574
0.6264922618865967
0.6260828971862793
0.6153774261474609
0.6333260536193848
0.7058398723602295
0.6272146701812744
0.5012176036834717
0.83237624168396
0.6364879608154297
0.7244741916656494
0.5277414321899414
0.6269922256469727
0.5186886787414551
0.6410403251647949
0.5238118171691895
0.7012619972229004
0.5018670558929443
0.5244848728179932
0.7288684844970703
0.580040454864502
0.9272537231445312
0.6360130310058594
0.6241869926452637
0.5312345027923584
0.6223876476287842
0.5286736488342285
0.7272679805755615
0.5310454368591309
0.528968334197998
0.629265308380127
0.8332507610321045
0.5190761089324951
0.42628002166748047
0.7122898101806641
0.9146654605865479
0.42644214630126953
0.6318912506103516
0.6890966892242432
0.641085147857666
0.6341147422790527
0.5295803546905518
0.6869490146636963
0.6241521835327148
0.932621955871582
0.6839346885681152
0.5310037136077881
0.6004974842071533
0.5082180500030518
0.5442559719085693
0.7263429164886475
0.8255171775817871
0.5007262229919434
0.6202027797698975
0.6351890563964844
0.6246654987335205
0.624932050704956
0.7260327339172363
0.5389466285705566
0.5786302089691162
0.6286578178405762
0.38524603843688965
0.6226589679718018
0.5056262016296387
0.5301899909973145
0.6329464912414551
0.4208495616912842
68.83443212509155
