0.5047569274902344
0.5421605110168457
0.8269932270050049
0.6356897354125977
0.5275657176971436
0.6374146938323975
0.514387845993042
0.6370754241943359
0.9279825687408447
0.8279721736907959
0.6287844181060791
0.5314843654632568
0.5137302875518799
0.643608808517456
0.6300661563873291
0.5333716869354248
0.7247426509857178
0.5287723541259766
0.5320563316345215
0.5372965335845947
0.6960330009460449
0.5281822681427002
0.5990755558013916
0.730818510055542
0.828310489654541
0.7249252796173096
0.5302371978759766
0.634014368057251
0.7232820987701416
0.8057601451873779
0.7331621646881104
0.5157525539398193
0.44195032119750977
0.4947962760925293
0.5261847972869873
0.5357949733734131
0.6257483959197998
0.7407779693603516
0.6322083473205566
0.5561575889587402
0.7081460952758789
0.6189718246459961
0.7062051296234131
0.4968883991241455
0.6250391006469727
0.7316482067108154
0.5319499969482422
0.4222908020019531
0.5875630378723145
0.4407951831817627
0.8312513828277588
0.5270917415618896
0.6366496086120605
0.8874566555023193
0.7137525081634521
0.6823678016662598
0.5139293670654297
0.39666199684143066
0.618696928024292
0.5939908027648926
0.7382054328918457
0.5822603702545166
0.7368919849395752
0.6040537357330322
0.4229292869567871
0.7198097705841064
0.49102258682250977
0.7998085021972656
0.5285751819610596
0.534003496170044
0.8233852386474609
0.42737627029418945
0.7306993007659912
0.7307653427124023
0.5015385150909424
0.408353328704834
0.5832276344299316
0.409574031829834
0.5877597332000732
0.628516435623169
0.7992215156555176
0.5343723297119141
0.6284196376800537
0.634030818939209
0.7269549369812012
0.6286251544952393
0.4766876697540283
0.6339850425720215
0.5983395576477051
0.5179042816162109
0.5292181968688965
0.5319123268127441
0.51104736328125
0.7299032211303711
0.6505515575408936
0.5160512924194336
0.7263731956481934
0.5131576061248779
0.60994553565979
0.5152993202209473
69.18483138084412
