0.490983247756958
0.5286037921905518
0.7419414520263672
0.49584197998046875
0.6271464824676514
0.6283502578735352
0.7049221992492676
0.8063116073608398
0.7306041717529297
0.7235448360443115
0.6313254833221436
0.4885566234588623
0.5366592407226562
0.62200927734375
0.6062006950378418
0.6224822998046875
0.6249070167541504
0.8401691913604736
0.5963833332061768
0.6248083114624023
0.640418291091919
0.399259090423584
0.8317272663116455
0.6678152084350586
0.49431443214416504
0.7255532741546631
0.7246017456054688
0.5426490306854248
0.5364174842834473
0.5268435478210449
0.5278983116149902
0.6237707138061523
0.5323503017425537
0.6313583850860596
0.39457201957702637
0.7210292816162109
0.713019847869873
0.6073076725006104
0.7231390476226807
0.6363635063171387
0.5030028820037842
0.7272703647613525
0.6336746215820312
0.6140661239624023
0.7253525257110596
0.633296012878418
0.7220027446746826
0.5469341278076172
0.7197163105010986
0.800029993057251
0.59578537940979
0.7084746360778809
0.9463555812835693
0.7249183654785156
0.632352352142334
0.6212277412414551
0.4788830280303955
0.7426602840423584
0.5010483264923096
0.7303645610809326
0.6316657066345215
0.6279516220092773
0.634218692779541
0.5249896049499512
0.6215143203735352
0.822800874710083
0.7166159152984619
0.44828057289123535
0.6214735507965088
0.4226665496826172
0.7949686050415039
0.7301886081695557
0.5992894172668457
0.6362345218658447
0.9064717292785645
0.7165811061859131
0.6297764778137207
0.3051719665527344
0.6254684925079346
0.6204397678375244
0.519507646560669
0.5663514137268066
0.4034740924835205
0.5341577529907227
0.6207046508789062
0.5093972682952881
0.7186598777770996
0.7395155429840088
0.6385049819946289
0.6930091381072998
0.7322814464569092
0.5252599716186523
0.5485060214996338
0.6327621936798096
0.625760555267334
0.7203609943389893
0.5717294216156006
0.5993938446044922
0.700944185256958
0.6036982536315918
70.98838210105896
