0.710106611251831
0.7159497737884521
0.7428722381591797
0.537144660949707
0.4982151985168457
0.5315766334533691
0.8278224468231201
0.5270648002624512
0.7383313179016113
0.8229362964630127
0.408064603805542
0.6150994300842285
0.836078405380249
0.6329238414764404
0.6327347755432129
0.6949126720428467
0.7272083759307861
0.5360689163208008
0.4254186153411865
0.6230449676513672
0.6235814094543457
0.7192015647888184
0.6442420482635498
0.7155764102935791
0.7260904312133789
0.4271984100341797
0.32199954986572266
0.639415979385376
0.531846284866333
0.6890273094177246
0.6373136043548584
0.73362135887146
0.6283454895019531
0.634190559387207
0.8153061866760254
0.5830113887786865
0.47481560707092285
0.6464083194732666
0.7267110347747803
0.7329416275024414
0.40049266815185547
0.639291524887085
0.5379681587219238
0.813157320022583
0.637831449508667
0.5235955715179443
0.43334388732910156
0.5229160785675049
0.43198156356811523
0.6306047439575195
0.7056357860565186
0.42769837379455566
0.6342740058898926
0.7333149909973145
0.5197417736053467
0.41101598739624023
0.7237262725830078
0.7353534698486328
0.6265468597412109
0.4398529529571533
0.6010580062866211
0.713679313659668
0.43428850173950195
0.7384583950042725
0.6259865760803223
0.6296331882476807
0.5948364734649658
0.4401876926422119
0.701758623123169
0.5378868579864502
0.5268290042877197
0.5871763229370117
0.7261924743652344
0.6333508491516113
0.5281364917755127
0.9246385097503662
0.6184561252593994
0.6272015571594238
0.5117349624633789
0.5177524089813232
0.43741774559020996
0.511204719543457
0.7353389263153076
0.518589973449707
0.6314024925231934
0.7224581241607666
0.6209487915039062
0.6400580406188965
0.6372776031494141
0.6238486766815186
0.7161705493927002
0.5992934703826904
0.7380104064941406
0.737520694732666
0.4876430034637451
0.5248863697052002
0.5257456302642822
0.6293425559997559
0.537672758102417
0.6990301609039307
69.07925200462341
