0.6033339500427246
0.5008151531219482
0.6376292705535889
0.7215409278869629
0.6244361400604248
0.635610818862915
0.629197359085083
0.5103397369384766
0.624424934387207
0.526057243347168
0.9258098602294922
0.5855247974395752
0.4017317295074463
0.6956508159637451
0.719271183013916
0.5358762741088867
0.624518632888794
0.7121069431304932
0.711188554763794
0.5357186794281006
0.7298390865325928
0.7114520072937012
0.4399833679199219
0.7223520278930664
0.8221018314361572
0.595381498336792
0.7177619934082031
0.6420934200286865
0.4996457099914551
0.5361793041229248
0.6867294311523438
0.6311843395233154
0.6444005966186523
0.42975807189941406
0.42665576934814453
0.799159049987793
0.6201529502868652
0.6343092918395996
0.6383998394012451
0.6124083995819092
0.6299316883087158
0.6170182228088379
0.5109946727752686
0.4920978546142578
0.8199706077575684
0.6289522647857666
0.7136824131011963
0.6285741329193115
0.4001884460449219
0.5981252193450928
0.5933969020843506
0.6356353759765625
0.7023537158966064
0.6288681030273438
0.656719446182251
0.46103787422180176
0.799919843673706
0.6936368942260742
0.524345874786377
0.4753420352935791
0.6318442821502686
0.6838712692260742
0.6306426525115967
0.6253514289855957
0.5945107936859131
0.9247725009918213
0.5267431735992432
0.6978635787963867
0.5255639553070068
0.7320272922515869
0.5964827537536621
0.6241779327392578
0.6320514678955078
0.7327899932861328
0.6959323883056641
0.831857442855835
0.5271637439727783
0.5502464771270752
0.5992040634155273
0.6998271942138672
0.6269345283508301
0.5127029418945312
0.5333068370819092
0.6294870376586914
0.5094611644744873
0.6285321712493896
0.5333375930786133
0.5357670783996582
0.627204418182373
0.6913433074951172
0.6192760467529297
0.6338405609130859
0.6185238361358643
0.5413274765014648
0.7267944812774658
0.8208115100860596
0.6158254146575928
0.5367226600646973
0.7193603515625
0.7291221618652344
70.77601885795593
